# t MSD MSD_a MSD_b MSD_c MSCD
1000 0.8431663720069767 0.3033793809240568 0.3084886334746346 0.23129835760829023 1.0335578540480432
1430 0.9618451856270668 0.3423061947316568 0.35393061195884534 0.2656083789365837 1.2448400384751608
1860 1.0499274744341507 0.37452648899956503 0.3823330342879158 0.29306795114668316 1.427529252960216
2290 1.1469956172502689 0.40754170086893876 0.41745786988395994 0.32199604649737146 1.608965647840188
2720 1.2516003934486506 0.45034672200907166 0.45534986403302713 0.34590380740656845 1.7881107877962314
3150 1.3628208349609248 0.4911897017255082 0.4993730483982113 0.37225808483721773 1.9099648849973854
3580 1.4456049625862342 0.5228435056591795 0.5284140734056153 0.39434738352142806 2.0160649864034457
4010 1.5201488758448507 0.5496386106145055 0.5521782249695502 0.4183320402607802 2.1847534541223337
4440 1.5960954722058238 0.5813215799544369 0.5738832880328731 0.4408906042185115 2.3383089983092167
4870 1.6805003223638737 0.6109805184199567 0.6041613160592724 0.46535848788466166 2.4663846422411
5300 1.7794494324383834 0.6481905851392872 0.6395163910080899 0.4917424562909861 2.6467290956415574
5730 1.8640141817585771 0.6758093764532805 0.6738476580069304 0.5143571472983929 2.8361856819576485
6160 1.9408976080740614 0.7032958962405491 0.6989570312347955 0.538644680598676 3.0145893118140745
6590 2.0211335414960225 0.7343642728688519 0.7226376428212855 0.5641316258059077 3.1914808133409065
7020 2.1032178694485286 0.764110877827817 0.7518171715726162 0.5872898200480752 3.3580508207737068
7450 2.194626255375333 0.7986968030205549 0.7846491892173475 0.6112802631374715 3.5036977930718987
7880 2.2812312741868173 0.8330933981065249 0.8123840680151724 0.6357538080651424 3.6987014949629615
8310 2.362516697235279 0.8646515663572621 0.8347232649876583 0.6631418658903537 3.867211015486514
8740 2.4456829130256326 0.8976173920324084 0.8594502072388822 0.6886153137543841 4.040365812779442
9170 2.5266804318365352 0.9316416362679425 0.8794373431429222 0.7156014524256817 4.200918984698883
9600 2.613205533212302 0.9651896206905303 0.907673599598703 0.7403423129230968 4.354974982497873
10030 2.696119944976226 0.9979092151511065 0.9323597346856015 0.7658509951395364 4.508584003142042
10460 2.774199343236171 1.0247544614155546 0.9574905064449145 0.7919543753756847 4.635020798802905
10890 2.8487010826905004 1.0554464667279648 0.9740651755387344 0.8191894404239073 4.738374505269727
11320 2.921380419175897 1.0867948755186159 0.9920092803731404 0.8425762632841515 4.887539702069679
11750 3.0120482735174035 1.1204460976899828 1.0185411073373776 0.8730610684900362 5.037425883163262
12180 3.098197437388151 1.1510718424835595 1.0442631084996015 0.9028624864049996 5.203100440823867
12610 3.1761107989212958 1.1754558993787279 1.0706287918565975 0.9300261076861056 5.38705321136687
13040 3.2562518745205993 1.204984483060771 1.0887286919028443 0.9625386995570319 5.531558392783919
13470 3.3310153772432325 1.2328202051535302 1.108725136022498 0.9894700360672123 5.698946062238274
13900 3.4139678288492195 1.2610435011098151 1.1363017509838444 1.0166225767555503 5.849366708272089
14330 3.491422467384139 1.2872088222636846 1.1622004943674096 1.0420131507530648 5.9595727874113
14760 3.5671589869463207 1.3144159966236735 1.183258106347601 1.069484883974998 6.053028948103958
15190 3.63289032857781 1.3368863558009974 1.1983433964732568 1.097660576303617 6.093938688092137
15620 3.7039119120332358 1.361787500679901 1.214693551415192 1.127430859938105 6.132811415423053
16050 3.7764842581424345 1.3887398851297468 1.2325162196182864 1.1552281533944664 6.217272210061822
16480 3.863433408041321 1.422647772337779 1.2524331553257029 1.1883524803779073 6.236759887402951
16910 3.9363741817890987 1.450237323481839 1.2669039944589873 1.2192328638482341 6.321871916898445
17340 3.9999460881432984 1.477934636898347 1.2764756018736365 1.2455358493713455 6.301557740413893
17770 4.068140440066947 1.5032058520974538 1.2884547595862232 1.27647982838328 6.337566727243418
18200 4.131751169698375 1.5239298363276752 1.3022770079727108 1.3055443253979453 6.3332338367599075
18630 4.20483451338584 1.5462309675772967 1.326020887336981 1.3325826584715852 6.26516478476207
19060 4.276870473868066 1.5678527859235931 1.3458984336890345 1.3631192542554127 6.241056225642183
19490 4.342024476323882 1.591314783789318 1.3610256869786908 1.3896840055558277 6.143304567862017
19920 4.407968980199663 1.6128507447652787 1.3747943866996761 1.4203238487347305 6.061488603346717
20350 4.489891361488376 1.6403378174220036 1.396715441637065 1.4528381024292354 5.965446529833877
20780 4.56714277718136 1.6623626476851667 1.4238068934380639 1.4809732360580374 5.896158262553607
21210 4.64069938410845 1.6855856742912996 1.4454326573259242 1.5096810524912179 5.778891090516572
21640 4.711806430598731 1.7097485266061807 1.4600143021990035 1.5420436017935026 5.67435669652911
22070 4.781332051221486 1.734172025054122 1.4718689968232894 1.575291029344073 5.5382155785812195
22500 4.84772511752513 1.7547508665014524 1.4876273433065452 1.6053469077171618 5.442660873856819
22930 4.921734738225851 1.77955151271137 1.5055540097736113 1.636629215740935 5.349450841964763
23360 5.000738791120648 1.8029029011131754 1.527267168554607 1.6705687214529665 5.199702394414564
23790 5.060747827783291 1.8233445025206527 1.5403680262074233 1.6970352990552247 5.13201642724414
24220 5.137889918028363 1.8498720757537852 1.5535616336134905 1.7344562086610598 5.012121589296175
24650 5.210378412972338 1.8755379899858118 1.5698616507311365 1.764978772255549 4.956162827155229
25080 5.287884690059799 1.8988720097533398 1.5909306566797023 1.7980820236267598 4.8295364499883
25510 5.361003107976625 1.923472192595318 1.6104108804519697 1.827120034929213 4.750362057499958
25940 5.431693657704727 1.9457535442585867 1.6260375996744019 1.8599025137719523 4.644929629302537
26370 5.508739590556693 1.9720190002019724 1.6402745358708688 1.8964460544839905 4.544212847801574
26800 5.577741310177287 1.9976795161907155 1.6504405663968094 1.9296212275897644 4.472196425146046
27230 5.65013740896401 2.020738351189918 1.6661178338437714 1.9632812239302786 4.4115323282107495
27660 5.724299328575151 2.041859947914277 1.6834270799477185 1.9990123007130616 4.3473269765440525
28090 5.795611255799685 2.067034703586162 1.6972854008166909 2.031291151396814 4.27221541976727
28520 5.864919794287692 2.092454733126586 1.709023954351609 2.063441106809389 4.156557420175921
28950 5.940361097623415 2.1199127888362184 1.7219202095070214 2.0985280992802577 4.121494869181329
29380 6.008694137060851 2.140102447173634 1.7374480466377513 2.131143643249384 4.098449845839601
29810 6.0861306040431655 2.1618520404011985 1.758028199924975 2.166250363717014 4.03514502413341
30240 6.160320370910981 2.189205975138599 1.7740010818426089 2.1971133139297785 4.045938314719817
30670 6.239321149976751 2.217938814253111 1.7886658519532044 2.2327164837704476 4.03805233320002
31100 6.307724230895331 2.242178067192654 1.8016525678640944 2.2638935958385393 4.05204095110036
31530 6.377760683207568 2.26601522589492 1.815281912211274 2.2964635451013513 4.000705889717493
31960 6.4571504610540895 2.290359101637594 1.8355142680327503 2.3312770913838676 4.004797448103275
32390 6.531837699683987 2.314214604646495 1.8544646866916643 2.363158408345793 4.00960245306369
32820 6.604231933467019 2.3407104128262586 1.8660622801085132 2.397459240532298 4.031151552233552
33250 6.669054505502682 2.363977710853673 1.8746045818836088 2.430472212765451 4.090481504080301
33680 6.738064076266343 2.385018997717124 1.8884187474612804 2.4646263310879664 4.170872086448964
34110 6.807344276589233 2.405025144213878 1.9043994127554555 2.497919719619758 4.305118993324277
34540 6.886360081594515 2.4305705747276476 1.9240617465491492 2.531727760317676 4.392225466215499
34970 6.960781973024024 2.4570598563269574 1.9386495472809067 2.565072569416114 4.52238096675872
35400 7.041572845059154 2.487980956403075 1.949832176431846 2.6037597122242797 4.58241487547825
35830 7.117041053333296 2.5158238169005465 1.9599613010663133 2.641255935366506 4.6775356486805935
36260 7.202580356167408 2.5421463230145354 1.9799659534585452 2.680468079694172 4.847096911216202
36690 7.28891371110199 2.5692563378050184 2.0004969561559136 2.719160417141089 4.93120856370058
37120 7.3655027588996 2.5946339644403102 2.0156028495138956 2.755265944945423 5.038783402749231
37550 7.449324444576893 2.6274211895675292 2.028575732875795 2.7933275221335383 5.154029508086805
37980 7.536421752116792 2.659843575003481 2.039826646346135 2.8367515307672027 5.286026164148357
38410 7.633533847527761 2.691354090303265 2.0614687108534766 2.880711046370949 5.389409573878712
38840 7.721574972466132 2.71742154381038 2.0823524512718605 2.9218009773839784 5.446425324479716
39270 7.81311224268618 2.750064522038087 2.0987490164036755 2.964298704244412 5.478155016872141
39700 7.897502497102181 2.782524633794093 2.1103385352003343 3.004639328107777 5.520063525503544
40130 7.975208329238998 2.8164509482598206 2.116014399028519 3.042742981950729 5.612485264618761
40560 8.070808884820826 2.85079723218424 2.1343103454376244 3.0857013071988986 5.6551912934264825
40990 8.164932751667784 2.8843181229847814 2.1546049928800377 3.1260096358028484 5.71149754700016
41420 8.242224350512927 2.912713923798786 2.16603961830049 3.1634708084135594 5.7597930098752625
41850 8.315405864297217 2.946486442349859 2.169673695144917 3.1992457268023378 5.79336337488273
42280 8.399440724714843 2.9837614491819813 2.177090114605783 3.238589160927141 5.833754170982948
42710 8.48382493846416 3.015964559140451 2.1917317087871044 3.2761286705364876 5.879198904023303
43140 8.566215498147203 3.0420023635675597 2.2086214822856953 3.315591652293946 5.9305152707634194
43570 8.644588458724614 3.0654654939385693 2.2262350016591275 3.352887963126873 6.02190763842705
44000 8.72614447034644 3.093262344652091 2.2410048780918554 3.3918772476025936 6.12903472787784
44430 8.813142872890587 3.131351026282127 2.2573756520310972 3.4244161945775335 6.275449301221772
44860 8.903497094407975 3.166047141283369 2.276633957491344 3.4608159956332867 6.438565326717112
45290 9.000010143250584 3.2019458798794775 2.302873006427753 3.4951912569435195 6.5431726104900285
45720 9.089081699432056 3.2341552996139376 2.3262466771150865 3.5286797227029587 6.6584393517591485
46150 9.177799508820865 3.2613453218705346 2.352410060266432 3.564044126683847 6.718148500797387
46580 9.263776248342065 3.2974615719320406 2.368683611340187 3.597631065069861 6.778798789815855
47010 9.34463336193093 3.3253847636695233 2.387674670727856 3.631573927533582 6.7897330720183
47440 9.422731136582591 3.3510731913680902 2.4070387444986854 3.6646192007159177 6.858751598833492
47870 9.508360188350343 3.3781840968742682 2.4275599382240185 3.7026161532521162 6.859353458756153
48300 9.58856330168481 3.4069990200191422 2.44552770885488 3.7360365728107503 6.885902819631727
48730 9.67364842152292 3.4386389545374056 2.4630701650076627 3.7719393019778784 6.9761373341690955
49160 9.758601371174665 3.466747634243264 2.48641074273073 3.8054429942007837 7.06649720476781
49590 9.84114972201181 3.4931226853905533 2.50880573223425 3.8392213043870878 7.140985060968074
50020 9.916126083987582 3.515843672824359 2.524759930551528 3.8755224806115782 7.1379647068926975
50450 10.000723204192441 3.540931805390171 2.5442584071350964 3.9155329916669994 7.1166963336449065
50880 10.085030749236251 3.5721043747424615 2.56034148206279 3.9525848924310467 7.047148493051026
51310 10.16552778691739 3.602091585562384 2.5712832056793515 3.9921529956755397 7.030870539880758
51740 10.251506001698123 3.629213224385609 2.5856175650388833 4.036675212273677 6.989170198356624
52170 10.32410008859561 3.648148923304139 2.6040486540154073 4.071902511276225 6.941135457154814
52600 10.408542319621004 3.6755388977806356 2.6220362681736544 4.110967153666579 6.9891975119917795
53030 10.49408404114263 3.7041464261079255 2.6392892006173865 4.150648414417393 6.9874743656253795
53460 10.571064173686024 3.73140260941226 2.653808311595065 4.185853252678668 6.8855881169923405
53890 10.647161164092736 3.7586926740979147 2.6680819499574637 4.220386540037289 6.889674851784431
54320 10.716132518965539 3.7769686970236367 2.6797631692848434 4.259400652657037 6.807921313417796
54750 10.788035282449284 3.7983634589328648 2.6938339740835437 4.2958378494328375 6.657662070455177
55180 10.861765660149732 3.8224073665673064 2.706801319874133 4.332556973708241 6.531134732227011
55610 10.925823211544055 3.840038691253431 2.7176650633713506 4.368119456919364 6.559059715663563
56040 10.990192634706942 3.8583028477007217 2.7339864923370425 4.397903294669276 6.496734013895885
56470 11.058100177674563 3.87081448656551 2.755916293119686 4.431369397989457 6.5391129434496715
56900 11.112947785135646 3.8840742491154954 2.771672122152376 4.457201413867979 6.5104666903933355
57330 11.172631965729543 3.905560923590675 2.786135767402722 4.480935274736191 6.478352611957001
57760 11.229294522749637 3.926569169612802 2.795940226044544 4.506785127092287 6.392714499416272
58190 11.288738874482222 3.945703513919718 2.8130807578261474 4.529954602736276 6.275250071656163
58620 11.35108654745875 3.962797656185286 2.838639867857918 4.549649023415442 6.278836106591678
59050 11.416730616724953 3.9867159377279373 2.859874476842164 4.570140202154978 6.270001242864097
59480 11.472981695057705 4.004987011263832 2.877853975310217 4.590140708483562 6.220878782404393
59910 11.513479042601375 4.015330191396494 2.8884286446985445 4.609720206506266 6.339599565203465
60340 11.567735106496107 4.0294577771823485 2.9083189176332356 4.629958411680629 6.355969979536567
60770 11.625891218852543 4.044860999928418 2.938945370841657 4.642084848082405 6.41148609783217
61200 11.687424913767359 4.063137722135103 2.964237383759311 4.660049807872903 6.485098666043748
61630 11.743562937397872 4.079933856371192 2.9901599707688695 4.673469110257926 6.443585588307989
62060 11.793124787255993 4.09673063776045 3.0104523511021855 4.685941798393443 6.382515590021421
62490 11.836444682963265 4.106875304142632 3.032408957297905 4.697160421522973 6.35068587944157
62920 11.887007652236735 4.123754317872264 3.046899333799424 4.716354000565082 6.284452068692487
63350 11.935517199299472 4.138297131408179 3.064792251134216 4.732427816756862 6.155341679671423
63780 11.987008405125723 4.152264779889489 3.084684653324095 4.750058971912275 6.030707361140759
64210 12.01984584023498 4.159824491105316 3.093650660742741 4.766370688387024 5.869967480848711
64640 12.054750551442352 4.163477626814063 3.108134044826456 4.783138879801688 5.737370538296829
65070 12.08811785938771 4.166832352596056 3.121107000939246 4.800178505852301 5.636079922094527
65500 12.125268245203165 4.172425214697598 3.1367627517614256 4.816080278744186 5.465330242257468
65930 12.172993987782 4.183841540554731 3.1592225534288563 4.829929893798382 5.381653714648895
66360 12.222129485077307 4.196945619456195 3.1801926678541115 4.844991197767146 5.349289020886407
66790 12.259571098579652 4.1987255309365805 3.2010677810397086 4.859777786603354 5.293682194684675
67220 12.305622829181795 4.203567408326317 3.22205470986368 4.880000710991787 5.250325780928278
67650 12.352713215864243 4.209354715142846 3.2427784386409395 4.900580062080348 5.227607741468523
68080 12.398912372980208 4.213287695214363 3.2650770398353366 4.920547637930417 5.303510921503203
68510 12.45784951099518 4.226998265096321 3.28984506958558 4.94100617631312 5.393811813207143
68940 12.520562716173675 4.2446842531038635 3.3071604628743136 4.968718000195748 5.4020646596310575
69370 12.578866167799612 4.2575959765677505 3.3234597285556022 4.9978104626762585 5.4679989725534
69800 12.629123390260583 4.264883162676248 3.340941164394503 5.023299063190026 5.449969471856329
70230 12.686847064662562 4.2743947885017155 3.359173820903161 5.053278455257781 5.432487947435724
70660 12.771682257513795 4.295067912314607 3.38724137957314 5.089372965626097 5.529926438357692
71090 12.832866045210197 4.3044536740967905 3.409177940885681 5.1192344302276735 5.536923516331178
71520 12.905689667392 4.3199691907396245 3.4316089070483256 5.154111569603937 5.529231171695829
71950 12.987213340445384 4.3453249309740825 3.4519399563842392 5.189948453087123 5.5196227040702714
72380 13.063268788634526 4.366393310148093 3.472186306761042 5.224689171725435 5.519836120877733
72810 13.130270335064598 4.37677901781958 3.498902951469231 5.254588365776014 5.588965524448678
73240 13.208804356282037 4.396835891714351 3.519545764647822 5.292422699919979 5.56294791991295
73670 13.274696866130698 4.413239646766563 3.5328124789911497 5.328644740373137 5.695516011100995
74100 13.361184561119142 4.438737834768755 3.55739187871589 5.3650548476344015 5.667277282647459
74530 13.462907880761769 4.461806059451192 3.5930138912781335 5.408087930032493 5.686027881043555
74960 13.562843787374545 4.482185654276771 3.633607177300746 5.447050955796968 5.739612527269225
75390 13.638320929845339 4.505189072931571 3.6522267687243546 5.480905088189209 5.71583043838067
75820 13.708848090682197 4.525789529544916 3.6602157502954826 5.522842810841888 5.896114685652798
76250 13.781908269864811 4.546596439411813 3.6767381002936927 5.558573730159177 5.880833441760297
76680 13.869574167805416 4.558746526333586 3.709262208663749 5.601565432808168 5.972656297139769
77110 13.937236759154054 4.578076240659632 3.7283796032784227 5.630780915215913 6.164572123798245
77540 14.003745772931762 4.598441105697804 3.7471654698811254 5.658139197352832 6.374101104176817
77970 14.064027752654532 4.621122960684858 3.7540187362147903 5.688886055754815 6.58160847269345
78400 14.12246040530818 4.641011372478438 3.766912500307153 5.714536532522607 6.845838297637965
78830 14.189768799453088 4.664989507030368 3.7841390108367725 5.740640281585749 7.123035454830849
79260 14.262439802873354 4.687125023764412 3.8109242551872065 5.764390523921891 7.305780482619216
79690 14.308785578063727 4.703277600195656 3.815873291162556 5.78963468670542 7.546683809702165
80120 14.357327107312692 4.719175968329983 3.82374076940323 5.814410369579539 7.737474624253817
80550 14.413376915235398 4.7262468965578925 3.8432115083233485 5.843918510354201 7.844961594345554
80980 14.463061452940538 4.742081662004866 3.857485809832749 5.863493981103003 7.860846187759674
81410 14.501012310801906 4.747561815533762 3.860015117862644 5.893435377405523 7.994027637265618
81840 14.527363387566924 4.757130174726795 3.8579388836228774 5.912294329217251 8.142224401542194
82270 14.561092148095565 4.7724548897857435 3.859926985378449 5.928710272931342 8.371281260532031
82700 14.62782953619706 4.7870254316462875 3.8794284679851114 5.961375636565666 8.558600961980797
83130 14.682097483769217 4.800595699329058 3.896511472913977 5.984990311526174 8.707105046038688
83560 14.72159432339828 4.802056024927261 3.902639787485266 6.016898510985818 8.799438090597171
83990 14.746745416973216 4.79899775582804 3.9075076967253555 6.04023996441987 8.99055295647534
84420 14.789862516535498 4.805786538535392 3.9154419759966634 6.068634002003396 9.15899171145872
84850 14.837189572125038 4.810805398687171 3.9393706808236897 6.087013492614224 9.430402798319555
85280 14.891690921165905 4.812955916360214 3.976675007517922 6.1020599972877445 9.613273087362753
85710 14.937311026600707 4.8059692707898 4.00521020764057 6.1261315481703145 9.850416532380093
86140 14.982727536746237 4.801330335590229 4.0336079262798235 6.147789274876161 10.231867877145493
86570 15.031103701334633 4.806218040377641 4.057641469481091 6.167244191475932 10.671884623916975
87000 15.082211460306315 4.809762878301147 4.08671666541214 6.185731916592945 11.00501014946752
87430 15.15324565478864 4.8124098014995065 4.138283468747801 6.202552384541324 11.155950241085248
87860 15.233791642881185 4.826477754913573 4.193986612929784 6.213327275037791 11.43205284989621
