# t MSD MSD_a MSD_b MSD_c MSCD
1000 0.8647763371375092 0.3312709441392033 0.3040379088377986 0.22946748416051543 1.1309491415227741
1430 0.9896776275636675 0.3766193785694941 0.3456472510408914 0.26741099795327566 1.3466426093477482
1860 1.0545998514665198 0.39886598125807365 0.3656177088186943 0.29011616138974144 1.583733687625299
2290 1.1294185332618107 0.4270485555225536 0.3857618696099724 0.3166081081292999 1.7873230622553464
2720 1.2363518083693235 0.4750004497998705 0.4229933049512533 0.3383580536182019 2.0258528116247105
3150 1.3552630783257607 0.5296353030955617 0.4621584153669491 0.3634693598632499 2.263255267193886
3580 1.442233469237076 0.5660248262496704 0.49286888098519294 0.38333976200222153 2.40099765804402
4010 1.527134603539334 0.6023131686348452 0.5207367376387924 0.4040846972657076 2.6284525203326186
4440 1.608672953438232 0.6388874473182482 0.5452827948534403 0.4245027112665521 2.7923059929950136
4870 1.6883844750818553 0.6752079666321138 0.5714273660062309 0.4417491424435149 2.985456273519934
5300 1.7736670243040278 0.7115247340018895 0.6022638066852637 0.4598784836169001 3.207336272149135
5730 1.8559909549849503 0.744509717310354 0.6316193116606459 0.47986192601393374 3.3896246199800473
6160 1.92800798220806 0.7697534208683322 0.6594648934293095 0.4987896679104105 3.5460533476635194
6590 1.992911351101681 0.7932925412748206 0.680738133417493 0.5188806764093684 3.6882364367244906
7020 2.0654106955182736 0.820755915138548 0.7064314522308969 0.5382233281488142 3.8484293952110225
7450 2.143420131711035 0.8505934631421677 0.7348179218822478 0.5580087466865802 3.97031392513067
7880 2.2305324323714775 0.8888350620702645 0.7646009166102935 0.5770964536910003 4.11259879328957
8310 2.314758015288061 0.9218250825124057 0.7941579314306605 0.5987750013450218 4.2491360439129755
8740 2.3793419457731715 0.9476792535656972 0.8134389751633972 0.6182237170440589 4.384681012692609
9170 2.441338960883954 0.9718003409612009 0.828937653607301 0.6406009663154271 4.561558162406829
9600 2.5076578505666105 0.9994801122538056 0.8469650171856014 0.6612127211271797 4.720392087825786
10030 2.5928034301431966 1.0354665624427275 0.8731342163602883 0.6842026513401306 4.887241741737339
10460 2.6840562434811557 1.0717029755514698 0.9066370798876656 0.7057161880419742 5.064199066463093
10890 2.754982021744032 1.1014059064818171 0.9280706771714672 0.7255054380907534 5.248053195328428
11320 2.8166739356127803 1.1268649504181456 0.9424427975132141 0.7473661876813812 5.426172461946977
11750 2.875421564943514 1.1492507873089566 0.9615127965585973 0.7646579810759797 5.600891322883074
12180 2.9521412918139784 1.1782931193572235 0.9885576758755696 0.7852904965810935 5.782938606321396
12610 3.025542446494377 1.2078815765065531 1.0165007451360226 0.8011601248518673 5.977659800076191
13040 3.0975249163339282 1.2404908045026573 1.0368422629612148 0.8201918488700674 6.159524175585421
13470 3.157189963758941 1.2675796963374828 1.0534026506138148 0.8362076168077066 6.384142117396831
13900 3.225925764611197 1.2951878910033525 1.0725470490333975 0.8581908245744622 6.673385369625604
14330 3.3022909204959605 1.3245147778839412 1.1016102558781564 0.8761658867338316 6.8869778117818505
14760 3.387868801292382 1.3560839393438373 1.1341211734007581 0.897663688547798 7.137262135305789
15190 3.463952573056355 1.3847004938361933 1.1617566629612068 0.9174954162589272 7.332988949066913
15620 3.5270872673087896 1.412280806094166 1.1793806142774428 0.9354258469371387 7.604475972421152
16050 3.596901375413107 1.4419589084076814 1.1991025217385305 0.955839945266877 7.841924877691626
16480 3.676267737504995 1.4683489394038658 1.2310027955147422 0.9769160025863429 8.034568449603812
16910 3.758326921496574 1.4991183488747426 1.2622053865836367 0.9970031860380821 8.277152850724983
17340 3.8376148403355432 1.5321600155758577 1.291709508289663 1.0137453164700683 8.524149555001575
17770 3.917352088762779 1.5690990112029228 1.3131974341793207 1.0350556433805007 8.773997092963354
18200 3.981431363433579 1.5992632503211281 1.329940230329205 1.0522278827833331 8.969818953592453
18630 4.050674474974439 1.626569647690425 1.3523595259346655 1.0717453013492888 9.170904989650177
19060 4.1253629257463285 1.654921368058635 1.3812314585854528 1.0892100991022495 9.380154357666717
19490 4.202919758664401 1.6885280614768026 1.4080833786241256 1.106308318563472 9.652862081453087
19920 4.279077398780576 1.7244394436947195 1.4332476132608976 1.1213903418249893 9.88846719285144
20350 4.353201501224965 1.7606538408964905 1.4532015805030531 1.1393460798255166 10.083487369178975
20780 4.414213546432597 1.790754769039938 1.4665733422959766 1.1568854350967253 10.247793252603502
21210 4.479733030849272 1.8181423094435132 1.487054758740485 1.174535962665293 10.340823455265125
21640 4.553573983241814 1.8491859207628896 1.5129531099389009 1.1914349525400767 10.478635609846588
22070 4.627143917245396 1.875256424432621 1.5398216513832543 1.2120658414294865 10.602902579209895
22500 4.701221089217316 1.9089099850033726 1.560669307774467 1.231641796439477 10.703514827559514
22930 4.762041326736604 1.9371073418694276 1.5758228480953858 1.249111136771776 10.78164197426393
23360 4.814219725857907 1.9596160594988796 1.5886378599838218 1.2659658063750483 10.981376516922388
23790 4.887041211308572 1.9824340893759103 1.6190857786162947 1.2855213433163024 11.05203175047658
24220 4.961637294037827 2.0105231502145395 1.6492779644974842 1.301836179325846 11.172312456690328
24650 5.0383977131222455 2.0387189130903693 1.677576034209929 1.3221027658219333 11.291752484414955
25080 5.106574267717517 2.0706773994875736 1.6948951098131808 1.3410017584166838 11.450484755548503
25510 5.165599978013421 2.0954123461358933 1.7119738247360654 1.358213807141403 11.59833180428877
25940 5.234831049097205 2.1168474849832624 1.7371364186611753 1.3808471454527762 11.748736025205114
26370 5.310196215833229 2.1418002307932595 1.7706622080722514 1.39773377696772 11.923003501107466
26800 5.394447184334052 2.1744433459255372 1.8025596215217703 1.4174442168867492 12.138452984199468
27230 5.468898179930552 2.2060706987522662 1.828195601194593 1.4346318799836943 12.404187455252707
27660 5.543455505174625 2.2363808956780598 1.8531694119442044 1.4539051975523645 12.59669154082872
28090 5.6159775535046315 2.25658612226533 1.8847390411186353 1.474652390120572 12.776719717909936
28520 5.6914524372246325 2.2750207361485355 1.9202507909436488 1.4961809101324621 13.010267434492901
28950 5.771292629658591 2.3012876534038305 1.954641085698614 1.5153638905562985 13.212244767216067
29380 5.851488924064205 2.332576808457253 1.9826794305162456 1.5362326850906063 13.407278681668664
29810 5.925426573286263 2.3609517968631155 2.007966434183789 1.5565083422393013 13.586572305931577
30240 5.997905915544172 2.383511807842628 2.038257914718591 1.5761361929830238 13.724081219578862
30670 6.068552531367444 2.399977363984087 2.0715679505631193 1.5970072168202603 13.878421619009401
31100 6.146419011444649 2.4249767672440368 2.1022878928753213 1.6191543513252493 14.120222219678316
31530 6.231858709939303 2.458382497849496 2.1333589381540787 1.6401172739358685 14.327783660539579
31960 6.3092737812982875 2.494024313414276 2.1507149594608665 1.6645345084231224 14.619906621484667
32390 6.386013802893715 2.5287666115415215 2.170674916591154 1.6865722747609853 14.900755226523433
32820 6.4518655623024905 2.5528025695005665 2.1895892274582036 1.7094737653437193 15.122323657174917
33250 6.512003861488105 2.5706408836983115 2.213793848261772 1.7275691295280262 15.319368787784098
33680 6.5925321282743115 2.5979645174191055 2.2426915183926073 1.751876092462665 15.563751350856693
34110 6.669290967771908 2.636563739494982 2.2579076891640706 1.7748195391129893 15.679584150813014
34540 6.72965981649482 2.6689601528886584 2.264064461336303 1.796635202269998 15.835408837784591
34970 6.790935079821836 2.6941210225565753 2.274719576710458 1.8220944805548636 16.05039060097376
35400 6.862856725088449 2.720090569696957 2.295848919220734 1.8469172361707291 16.203981866508762
35830 6.936714573520728 2.7457842317163967 2.326067299486343 1.8648630423179409 16.454059958151287
36260 7.027174142251647 2.7783136806569706 2.358495527087875 1.8903649345067624 16.678253539544556
36690 7.102128987578345 2.811930781789894 2.374475210022301 1.91572299576611 16.891382299927752
37120 7.177056588118885 2.846193780095922 2.3937288548699884 1.9371339531530432 17.142092148186574
37550 7.237405544609789 2.868665243665609 2.4108916072052993 1.957848693738923 17.32376923161931
37980 7.320431598461155 2.8962590842024807 2.4432962435222496 1.9808762707364755 17.62982064813494
38410 7.411213028320192 2.9291107944503203 2.4757330715661956 2.0063691623036553 17.90179450960942
38840 7.500186109038173 2.967326003592811 2.502473936469517 2.0303861689758618 18.161147942100804
39270 7.571780036257042 2.999325290984108 2.5191971125087567 2.053257632764235 18.35782718927176
39700 7.644375817857999 3.0281754040048074 2.5379871613029796 2.0782132525501025 18.586837321313336
40130 7.716715180171227 3.049072425053096 2.563649257025934 2.1039934980921893 18.740553603114265
40560 7.805470079093239 3.0771824935762635 2.6002199069078697 2.128067678609214 18.917295823566405
40990 7.895120729750473 3.1087891338130764 2.6369511139972013 2.14938048194027 19.05199226403137
41420 7.982876043759686 3.1439598209480253 2.6671810185489817 2.1717352042625495 19.222530775868794
41850 8.050822113145012 3.1669285181413533 2.686993906068464 2.1968996889352423 19.350523156154136
42280 8.115776757889416 3.186246362182256 2.7103164250864915 2.2192139706206078 19.451578630068806
42710 8.186901972403453 3.208834257274746 2.7370805643520772 2.240987150776624 19.572465715404896
43140 8.259170073911273 3.231685214115269 2.7649562868096016 2.2625285729863354 19.590146544107487
43570 8.33109810226146 3.261746332426227 2.7893640510622015 2.279987718772991 19.73606221411651
44000 8.402601429399159 3.2947346545188565 2.8072181753063945 2.300648599573904 19.89880479844927
44430 8.470810507864245 3.3221944415988043 2.8285207971577155 2.3200952691077803 20.16309655890278
44860 8.5464067748764 3.353637747652121 2.852431141217157 2.3403378860070485 20.456219837521317
45290 8.627347133658878 3.3865627182618097 2.8816604649649227 2.3591239504319774 20.697608165655428
45720 8.70783800061795 3.421510473072696 2.906269404302838 2.380058123242586 20.85948450822855
46150 8.780606083370257 3.457049790429569 2.9233667310905624 2.4001895618501434 21.106064060427077
46580 8.848973130468732 3.491172307186721 2.938396220594782 2.4194046026873237 21.32438434652812
47010 8.918264033846368 3.521439843794636 2.954674901476967 2.442149288574987 21.525380928695736
47440 8.989614385454571 3.554776611206686 2.9720870836137423 2.462750690634024 21.64737730854381
47870 9.076288781237132 3.5934793050380973 3.000277980850653 2.482531495348434 21.81064545240491
48300 9.157422851974273 3.6295819682815305 3.02072423832334 2.5071166453695066 22.041812477739715
48730 9.224311386986427 3.6571153657214253 3.03687845714373 2.530317564121198 22.196443032444805
49160 9.293118397130279 3.684723347926856 3.058087672877411 2.5503073763260904 22.373200915798762
49590 9.365507911516419 3.713653463506425 3.076908549649413 2.5749458983605895 22.507084637611865
50020 9.43829931592657 3.7455050153275464 3.09862448425598 2.5941698163429003 22.719536894500845
50450 9.5132870798479 3.7840597752239193 3.1159554198445547 2.613271884779313 22.981079274796777
50880 9.579767118594116 3.8200625166355393 3.128762794429048 2.630941807529617 23.1931632752268
51310 9.639705721955922 3.851876441784277 3.1389480755851094 2.6488812045862935 23.437184533631797
51740 9.707726240208228 3.883205364358903 3.156459120661878 2.6680617551874475 23.687315684836495
52170 9.769106097186357 3.9088683079034574 3.1753342606417463 2.6849035286411778 23.83793189594442
52600 9.83873997325625 3.9354776879976985 3.198469279794834 2.7047930054638045 24.06630827261336
53030 9.897192132452917 3.957517527945709 3.213456862048019 2.726217742458988 24.31855270386541
53460 9.97118481300873 3.994916753905705 3.2240617860634986 2.7522062730394263 24.574306386589388
53890 10.04971340204282 4.029865763605195 3.2427169541682113 2.7771306842692907 24.800813213353294
54320 10.131855330393954 4.0611809742394005 3.2681329426658494 2.802541413488649 25.098274912114586
54750 10.200266647170489 4.085044408345206 3.287181255697526 2.82804098312781 25.33335409428231
55180 10.270330515514758 4.110837884187287 3.3066848897978427 2.8528077415294737 25.616381770136798
55610 10.347517340868592 4.144259847260404 3.3231781220930223 2.880079371515139 25.830217651032488
56040 10.425785513257171 4.181760714781385 3.336615916376793 2.907408882098981 26.066764296168742
56470 10.508104274177127 4.2159881935405785 3.357599295550896 2.9345167850856906 26.300941500795457
56900 10.591389765391765 4.24853838310071 3.3826567619935726 2.9601946202974663 26.65510502032895
57330 10.686809287987357 4.285418644324852 3.4110569280060954 2.990333715656247 27.040270832549172
57760 10.769610906028797 4.32062365234545 3.4326568146670917 3.0163304390162633 27.417444476293134
58190 10.847856484922831 4.357542936416819 3.446045699410952 3.0442678490952657 27.720715880064766
58620 10.930861346756028 4.387344775454099 3.467386422436211 3.076130148865933 28.068572664645263
59050 11.011207098426437 4.416073142696486 3.499043214722641 3.0960907410074237 28.32710071226968
59480 11.102890014262208 4.444415043995979 3.5336499616739996 3.124825008592244 28.598863240682203
59910 11.183671948666667 4.47715264707907 3.5583884267145645 3.148130874873107 28.814271798970363
60340 11.265328878767715 4.514100384745994 3.579351555927883 3.1718769380937903 28.97884693149352
60770 11.34492189986022 4.546200063286976 3.599273853635086 3.199447982938515 29.231228552367
61200 11.423547670471562 4.581959855203396 3.6201339366429113 3.221453878625394 29.491940090865565
61630 11.51097761618039 4.621621265742083 3.6455419915815264 3.243814358856832 29.85931329258855
62060 11.602317557073452 4.6676987120987725 3.6703244906270855 3.2642943543475917 30.255081316085533
62490 11.68094831726543 4.705341956987135 3.6911460887495178 3.2844602715287965 30.588409673182163
62920 11.763572070613476 4.748669540722717 3.7120708893026917 3.3028316405880647 30.955225950585472
63350 11.834552789367514 4.783009537976422 3.730192659292524 3.3213505920986623 31.265419881604046
63780 11.91754334725512 4.817268551743607 3.7547616359442246 3.345513159567067 31.698156902604886
64210 12.006066153497745 4.858508014802952 3.7749557370568945 3.3726024016378577 32.07368904227704
64640 12.091529353574161 4.898996214960452 3.7975345971327368 3.394998541481028 32.40812734415875
65070 12.158046804133834 4.927877248756725 3.8098056374913214 3.420363917885743 32.70329028985349
65500 12.236626147366433 4.963755873057431 3.8306708239436063 3.4421994503654822 32.97235999850485
65930 12.323072321642416 5.004242684434509 3.8524917394710436 3.466337897736882 33.234642126996924
66360 12.402559106592468 5.043164044084511 3.8702522018094627 3.4891428606983985 33.56541477895788
66790 12.479725254978115 5.085406716178251 3.888040292471827 3.5062782463281628 33.73035779050485
67220 12.543029291328072 5.115302394683672 3.905289172498262 3.522437724145985 34.04943956118029
67650 12.617455662801893 5.145264357050598 3.9299380167665254 3.5422532889847727 34.28381769749424
68080 12.695562202873695 5.179859908593563 3.9523160277956997 3.5633862664841978 34.69501359794355
68510 12.773949442429993 5.211729626616298 3.981861055883118 3.580358759930451 35.00969349781801
68940 12.860204404261708 5.258121140999988 4.0015477747960375 3.6005354884657494 35.29821498974139
69370 12.930708554232245 5.289218329371418 4.022821042243026 3.618669182617807 35.65430527614069
69800 12.982187986527508 5.324626529470448 4.028171257197496 3.6293901998598117 35.80831735405016
70230 13.043758193713783 5.357334831219005 4.040865367005186 3.6455579954895465 35.85251906613266
70660 13.11416169643199 5.388478805726378 4.0652313908250575 3.66045149988051 35.93546162982651
71090 13.197703450376506 5.4273259440864035 4.097468884938497 3.672908621351542 35.94819072996433
71520 13.284602150073857 5.464553952893504 4.132117925104793 3.687930272075676 35.851215167853155
71950 13.348580235260112 5.502224387698048 4.144504997883303 3.701850849678728 35.80254318981945
72380 13.435635779909923 5.558660944118721 4.166110300027469 3.7108645357636747 35.77319628017425
72810 13.54109445376173 5.619264521725515 4.192789652205093 3.729040279831191 35.688313440882794
73240 13.644114721548636 5.680623865347842 4.2267748395028955 3.7367160166981743 35.58475382909849
73670 13.738520423407602 5.727738625236249 4.25991566118643 3.7508661369850076 35.37485145752368
74100 13.819491311462942 5.765234642123093 4.285369774601724 3.7688868947381517 35.22634731863125
74530 13.901653584488702 5.812726994621558 4.3044336728504105 3.784492917016742 35.27628589622146
74960 13.99651882478251 5.863161774511228 4.3356176202518055 3.797739430019525 35.2752342936871
75390 14.109376766313057 5.918661373886605 4.366576393780698 3.824138998645722 35.372468133144764
75820 14.220377681745152 5.970341374520711 4.408385527381191 3.8416507798430475 35.520272602637505
76250 14.315953859657803 6.022178748603967 4.432885626387757 3.860889484665996 35.80302912091099
76680 14.392538669111259 6.0720641244901294 4.442134002695358 3.8783405419258115 35.982981618750934
77110 14.468965151116402 6.1231503363842625 4.450091205998769 3.895723608733377 35.98050516997632
77540 14.54806843631352 6.17875389749223 4.463991357392651 3.905323181428906 35.93303480328914
77970 14.638840550571418 6.245181419902038 4.484944664025936 3.9087144666435 35.91513543689472
78400 14.716110205117657 6.299024401462393 4.502700009211161 3.9143857944440406 35.95810902973804
78830 14.770920560336151 6.338454580056837 4.509158896889069 3.9233070833903287 35.839403634657884
79260 14.820793822010012 6.386608697516328 4.503800073813517 3.9303850506799995 35.50784905249145
79690 14.8889484415159 6.4402052901929565 4.510924467498599 3.937818683824147 35.36711941692324
80120 14.975651169936922 6.495757426868824 4.532287331121993 3.9476064119461984 35.40643675191867
80550 15.055547708290156 6.550929801995829 4.5515185472571105 3.953099359037174 35.14435539187488
80980 15.125396072719798 6.589452071240709 4.578576049935546 3.957367951543548 35.09327324043059
81410 15.217561560073152 6.648461617343497 4.602147690210931 3.9669522525186722 35.20540522813142
81840 15.288890776542491 6.701119786590601 4.612405438321401 3.9753655516305164 35.45410291704842
82270 15.374021214337404 6.75141486684453 4.631815067312529 3.9907912801804435 35.488481787792445
82700 15.467354596502616 6.806182468985752 4.6546937007360425 4.006478426780654 35.65978768907385
83130 15.55730770348233 6.857405780076431 4.674339903687499 4.025562019718619 35.71663733970643
83560 15.680549987083905 6.918534849244015 4.714689885360392 4.047325252479338 36.148432740672924
83990 15.81874334836627 6.995117108758454 4.753376468059741 4.070249771548221 36.65374191191495
84420 15.936755895128412 7.075019911262658 4.788095587696491 4.073640396169154 36.82376287564255
84850 16.04210014804084 7.141045971258627 4.814316555325751 4.086737621456484 37.16273965315841
85280 16.1718789666548 7.236942555192267 4.841824150314393 4.093112261148228 37.341348549385835
85710 16.28323908078372 7.317324692724678 4.865745024381628 4.100169363677347 37.434505775945006
86140 16.387211364356812 7.377224156580448 4.889946244339938 4.120040963436171 37.298111130568
86570 16.444347267140298 7.398618323889668 4.923888115969343 4.121840827281264 36.90752404581096
87000 16.556012989557505 7.444029217799896 4.960554866218941 4.151428905538646 36.86018720207215
87430 16.677819099637528 7.511801300880381 4.997897547898242 4.168120250858883 36.98996032470825
87860 16.795832136097435 7.559494712839049 5.041870689086443 4.194466734172043 36.587583278951406
