# t MSD MSD_a MSD_b MSD_c MSCD
1000 0.6947530972111339 0.24047291271641552 0.2519786039784844 0.20230158051624494 0.8766772746498258
1430 0.721468104444105 0.2456494885425147 0.2519534617672512 0.22386515413434901 1.0008425235948157
1860 0.7932953874550551 0.2743587706800017 0.2795969899018876 0.23933962687317217 1.0731317144093788
2290 0.8839470013250164 0.30904170156887656 0.3162560264852307 0.25864927327091114 1.2156068486327392
2720 0.9218593610073366 0.32123632958457565 0.32369462413291006 0.27692840728986484 1.3128755006884705
3150 0.962107548524414 0.3388165440279421 0.3324950412865064 0.29079596320993956 1.4452720788877038
3580 1.0322866783570028 0.3688832824155607 0.3594861052550784 0.30391729068637935 1.556755430916946
4010 1.0863875681590232 0.3881172160070495 0.38027076422172357 0.31799958793023 1.6386825825846658
4440 1.1224695166977319 0.40769307959463064 0.38481110624956033 0.3299653308535485 1.7528004381379247
4870 1.1746592661705326 0.42689811382315673 0.4017803750693867 0.34598077727800397 1.851512159540068
5300 1.2461065869879668 0.45582981174420895 0.4305645383390106 0.35971223690471915 1.9727725421761904
5730 1.2976573530800937 0.473935713857827 0.44979035512598453 0.3739312840962805 2.071279002860886
6160 1.3443860555185114 0.49313754237795043 0.4641000239175568 0.38714848922300354 2.1834343523740762
6590 1.3915328002144653 0.5112858619444491 0.4845284719689399 0.39571846630106866 2.2348098438533555
7020 1.4437145491996262 0.5331791171388762 0.5046496802206282 0.4058857518401471 2.3488556206184215
7450 1.484837039330715 0.5528737142287562 0.5166577638882517 0.4153055612137309 2.4609717066102514
7880 1.5433966232236869 0.5756483348730664 0.5389577177815404 0.4287905705691158 2.572902352702607
8310 1.5940553790044383 0.5944462298334915 0.5567752265106893 0.442833922660237 2.711875267234749
8740 1.645075912298362 0.6117755834632994 0.5776003845737504 0.4556999442612902 2.8524104690064562
9170 1.691306821522094 0.6299813462050936 0.5934200437683707 0.46790543154861974 3.020349845521082
9600 1.7402363144998096 0.6500735723579045 0.609303748068618 0.48085899407329286 3.1675209976683543
10030 1.792174987949185 0.6694672972147905 0.6293427369374666 0.4933649537968851 3.31970647212885
10460 1.8416449895402882 0.6890032429105493 0.6502811317041419 0.5023606149256016 3.4569155002508394
10890 1.8987371574916698 0.7110187298930016 0.6694135830227861 0.5183048445758309 3.605349188070785
11320 1.9510244641819505 0.7327248537171606 0.6862796166526018 0.5320199938121759 3.7383140017349032
11750 2.0041026364485166 0.7526634338867679 0.7067843830171296 0.5446548195446291 3.8947807532572467
12180 2.049110589754063 0.7688961906027504 0.7218264154013478 0.5583879837499837 4.023074337550131
12610 2.104660305077743 0.7945620693112359 0.7376521560002562 0.572446079766249 4.195781296442987
13040 2.161159989358323 0.8152148477061777 0.7571958626080252 0.5887492790441441 4.356975220408189
13470 2.2113353627983425 0.8313840651992718 0.7783420185153485 0.6016092790837879 4.49444111190235
13900 2.258536567053626 0.8509441010249665 0.7933547913952044 0.6142376746335045 4.619792545544933
14330 2.311074174014905 0.8773772754556992 0.8054593510183066 0.6282375475408499 4.747892579469839
14760 2.3568653423408956 0.8932685219685507 0.8232776125542675 0.6403192078180514 4.895694901870969
15190 2.4190684298703586 0.9104728827174736 0.8498294593531535 0.6587660877996802 5.073860322819174
15620 2.4719141282471013 0.9343760785084504 0.864994449657636 0.6725436000810607 5.217946521833192
16050 2.5322160236145006 0.9586251009953884 0.884854734010677 0.688736188608405 5.368560915300484
16480 2.5729807374971574 0.9637994198449819 0.9031914488633478 0.7059898687887787 5.571174888313347
16910 2.636410227159769 0.9883059559452416 0.9251988244855109 0.7229054467290122 5.769617707404362
17340 2.6843843256351474 1.0133213278020357 0.9338667424542714 0.7371962553788223 5.931940765083345
17770 2.7199098945014466 1.020371219724757 0.947953692920096 0.7515849818565862 6.150696241707297
18200 2.7786453131860043 1.0382864016788234 0.9703775820551271 0.7699813294520717 6.353529332572575
18630 2.8389360268454227 1.0661683547998826 0.986744096545027 0.7860235755004447 6.548264001432574
19060 2.8808036119846174 1.0832845085063085 0.9973706890155675 0.8001484144627505 6.723408171757033
19490 2.919808191956625 1.0906089431140478 1.0152498837919726 0.8139493650506594 6.915883974380915
19920 2.9754070258516534 1.1120577924160406 1.034527141916851 0.8288220915188023 7.129303648920652
20350 3.022497089621702 1.1310376953602395 1.0488205014741985 0.8426388927872872 7.313499988842758
20780 3.062872590710465 1.1479470466586255 1.059236649906641 0.8556888941451322 7.5392514651440905
21210 3.10216854956134 1.1598389318948925 1.0778366353367494 0.8644929823296326 7.723694357785575
21640 3.1434110340525225 1.1799278549999883 1.0892857807592338 0.8741973982933202 7.946642293796187
22070 3.185772799595367 1.2011609671611394 1.0979796190849078 0.8866322133492905 8.123206208969496
22500 3.2307137803649586 1.2168206756187552 1.1140104975541474 0.8998826071919959 8.353154384925013
22930 3.2724326646568525 1.2290361967477132 1.1329194620295082 0.9104770058795951 8.51538985944782
23360 3.320302536606738 1.2503465456762284 1.1456454601068375 0.92431053082369 8.719528138457434
23790 3.366966843565414 1.27236526711621 1.1565515486340323 0.938050027815189 8.865697928548368
24220 3.416949676822456 1.2899836739138002 1.1747151648244045 0.9522508380841663 9.015065373006564
24650 3.4634201552825403 1.3055632226429725 1.1887065350572978 0.969150397582241 9.226639035442728
25080 3.52340688827583 1.3333360407732728 1.2045978850493695 0.9854729624531474 9.439518929864981
25510 3.576511902247165 1.3518225460728168 1.2179754573776864 1.0067138987966886 9.658321132572878
25940 3.6419373106102673 1.3697407286359722 1.2439737520322607 1.0282228299420424 9.862797123378966
26370 3.6953321762986646 1.3906700100043763 1.2590143756574133 1.0456477906368404 10.134522775142981
26800 3.7530799378167674 1.4165682099850925 1.2703753401026494 1.0661363877290657 10.381767684316086
27230 3.8024998074819507 1.4321511897711126 1.287414695416829 1.0829339222941199 10.597144201611725
27660 3.860734614176599 1.452603844148401 1.3065789887699126 1.1015517812583426 10.803126964997208
28090 3.9150438151033247 1.4769737940473602 1.3198345597569447 1.1182354612989935 11.052499800785979
28520 3.963882862034446 1.494232440936521 1.3332542448968965 1.1363961762011132 11.289541218948736
28950 4.031521251307386 1.5206156798022687 1.3561040878677666 1.1548014836373677 11.498499810178961
29380 4.0850286510717515 1.5443263220303762 1.367997733477147 1.172704595564201 11.712705177379757
29810 4.134448400295944 1.5651734501348813 1.3779438752838054 1.1913310748773016 11.944772131570135
30240 4.189749594782111 1.5816556171258092 1.3971424841814595 1.2109514934747954 12.173382306263255
30670 4.254438202884652 1.6089495028896605 1.415231712426029 1.2302569875689644 12.360227398595958
31100 4.304897981312227 1.6290521289968312 1.4274169768858094 1.2484288754295756 12.610997316584898
31530 4.353857444826593 1.6471301589806162 1.4438643728206395 1.262862913025312 12.827123731252994
31960 4.408504947208833 1.6659771083339419 1.462930319447095 1.2795975194278515 13.04485391737186
32390 4.464060884623866 1.6883128743061349 1.4796558670464905 1.2960921432712342 13.246607756468096
32820 4.504901922733743 1.6998324757568875 1.4931298753699078 1.3119395716069548 13.45956159911724
33250 4.555314155461494 1.7177637402666968 1.5085890237488193 1.3289613914459317 13.669782878945513
33680 4.619344735955517 1.7451465735235308 1.5287107934128836 1.3454873690191023 13.947632505014735
34110 4.666064203830131 1.7600732693351797 1.542508112536574 1.3634828219583113 14.184514079058243
34540 4.708662230207116 1.7722086151559255 1.5574631639681695 1.3789904510829454 14.39156103291518
34970 4.760459285332548 1.7921982351045764 1.5723806135544576 1.3958804366735353 14.636957352145616
35400 4.817016549847435 1.8121057578944313 1.5928992244773446 1.4120115674756257 14.841550016997996
35830 4.8678337508440155 1.8304962418725572 1.6120575620830686 1.4252799468882942 15.107226673923087
36260 4.921113076809426 1.8513124558164151 1.628299871651311 1.4415007493417245 15.346232235043063
36690 4.975073548064396 1.8774604983513516 1.6399200657515118 1.4576929839614527 15.60639555417751
37120 5.036720987262947 1.902371965126906 1.6618254052053134 1.4725236169306717 15.881762532494749
37550 5.089997415031366 1.9232196695666517 1.6789221210925303 1.487855624372128 16.176427658579964
37980 5.143351037836737 1.9467457128270056 1.6940469674118743 1.5025583575979364 16.49460273502426
38410 5.212144756021746 1.9766616429509505 1.7186397310111576 1.5168433820596054 16.800808099618546
38840 5.280904406906237 2.0035535825017945 1.7467465672610898 1.5306042571433374 17.107217691624324
39270 5.33757345572595 2.0262303079847186 1.7668284202614246 1.5445147274797966 17.44480311866546
39700 5.3958796783753264 2.053606762439985 1.7835306096597856 1.558742306275543 17.766746326981313
40130 5.463520088344826 2.0863381082452834 1.805330056757449 1.5718519233420831 18.10045849859228
40560 5.530437995162119 2.117258974579838 1.8283042783292442 1.5848747422530962 18.416211827885675
40990 5.5888144160216005 2.142664880335028 1.8437974232086636 1.6023521124779552 18.76725502584551
41420 5.648451889538185 2.1768280950153724 1.854419523268175 1.6172042712546921 19.108690964998676
41850 5.721136963927484 2.2107155798802176 1.8757341052532992 1.6346872787939 19.505494082079757
42280 5.78717898124757 2.23729166580493 1.8977116014291804 1.652175714013455 19.816581357522598
42710 5.8459707864370785 2.2677724274741005 1.9095948087762487 1.6686035501868646 20.142121242614888
43140 5.909089775197233 2.3028657379848103 1.9214299174162368 1.6847941197961862 20.492243806359856
43570 5.974145389497992 2.3297216873688575 1.9462716918191305 1.6981520103100407 20.839801662769403
44000 6.027948363445523 2.3557997145003244 1.9634140071406985 1.708734641804414 21.202944873033378
44430 6.070301686902442 2.381675359448846 1.9688816842030845 1.7197446432505745 21.56407572115373
44860 6.127929355202189 2.413110344820288 1.9833915252008223 1.7314274851810196 21.93310823615523
45290 6.184440475867533 2.4402757612206867 1.9982749578842371 1.7458897567626603 22.309122487658836
45720 6.250901178986488 2.473221897332509 2.0138735717154437 1.7638057099385385 22.699353902434094
46150 6.311508899127248 2.5026543644286354 2.024528137493649 1.7843263972049088 23.101352009313704
46580 6.367571205229263 2.5329372035716915 2.0318666077539924 1.8027673939036235 23.47123801157445
47010 6.436515366475292 2.5662320282438364 2.0464886004326903 1.8237947377987316 23.866472178396943
47440 6.509018559577658 2.5979060214230616 2.0688713759755157 1.8422411621791515 24.284305497173204
47870 6.575843882014007 2.6256633672754788 2.086794793847648 1.8633857208910076 24.679072302813903
48300 6.645834765434915 2.6554001191200434 2.1075715800903687 1.8828630662245276 25.086177032010372
48730 6.708756749481894 2.6827396465297917 2.12549808501149 1.9005190179406126 25.404953509514495
49160 6.767262279645764 2.703533378161744 2.1424397515013314 1.9212891499825626 25.752764534990998
49590 6.842135399453204 2.7327599960828524 2.1637549723609584 1.9456204310094622 26.11342914425177
50020 6.901071533477836 2.753254612991184 2.1764923130808054 1.9713246074057806 26.449585417110494
50450 6.959579217885163 2.7744052086876576 2.191812571187022 1.9933614380104423 26.77513533784702
50880 7.0208174476044185 2.794206753560477 2.214750414171553 2.011860279872457 27.09164707573534
51310 7.076113874325937 2.8112303921861352 2.232987190956542 2.031896291183208 27.38988439182085
51740 7.1197238818196045 2.825533038711 2.243720990834309 2.0504698522742903 27.641587078672263
52170 7.170267310733568 2.8419656878900885 2.261545932798587 2.0667556900449258 27.95165311865294
52600 7.226224400974586 2.8602177718246624 2.282418099883847 2.0835885292659757 28.24332151106322
53030 7.263754746565727 2.8746701275145923 2.294140227920069 2.0949443911310914 28.545841514424726
53460 7.30540340488543 2.8867556657164863 2.312178815472147 2.106468923696654 28.79501460391666
53890 7.358982856180267 2.908628373494931 2.3320630191860654 2.118291463499313 29.048580574026797
54320 7.402142262901116 2.9292842959518812 2.346541195442581 2.12631677150664 29.241302871494067
54750 7.445938788786531 2.9449410362183386 2.3625745626514476 2.138423189916843 29.501979914334605
55180 7.497056828978827 2.9643612423570094 2.384466033656447 2.1482295529654505 29.80229297674541
55610 7.544892127126763 2.9819186558623274 2.4017033671057937 2.1612701041584406 29.99309422400756
56040 7.5777085265765205 2.9942814884003437 2.412931461258281 2.1704955769179883 30.21549273101067
56470 7.61232763468212 3.008809865904235 2.4217332098341653 2.1817845589437015 30.465592025146872
56900 7.668716395924525 3.029900863855126 2.44399766502067 2.194817867048658 30.73785321056092
57330 7.710820829620337 3.0516671560929156 2.455698198506585 2.2034554750209367 31.109058787683626
57760 7.748287812455115 3.068767059166062 2.4675743132769097 2.211946440012141 31.476111130468926
58190 7.801379630432937 3.0908993417771935 2.488130893757468 2.2223493948982314 31.70808083549251
58620 7.853686962572119 3.112638546056609 2.5078545897011835 2.2331938268143676 31.9480182359688
59050 7.891303728387576 3.1330257832564548 2.515478359599188 2.242799585531959 32.247715386750045
59480 7.956572957885323 3.167425469049131 2.5337241744197248 2.25542331441651 32.57014987819013
59910 8.012848851072148 3.1838151018351937 2.557512898298813 2.2715208509380362 32.85073680599113
60340 8.063357910446008 3.2050115263563885 2.5712307551276523 2.2871156289618977 33.13933070684848
60770 8.1246449309156 3.237261440575525 2.5841759886766997 2.3032075016633318 33.42046874231883
61200 8.186195983148602 3.2671548901296927 2.606426690909901 2.312614402109078 33.72727333015063
61630 8.235207741743977 3.284918741293908 2.630654729115791 2.31963427133426 34.02158295845483
62060 8.276297828891092 3.306382660614726 2.6435650128172 2.3263501554591164 34.261863123972745
62490 8.31471388234 3.3309012000566978 2.6512562916260047 2.3325563906573348 34.53814376523863
62920 8.354086631134733 3.3468029340955394 2.667318960402087 2.339964736637066 34.805922286667176
63350 8.405176797441278 3.365832097471211 2.6919811712635453 2.347363528706599 35.09513545228713
63780 8.439836793992928 3.383455781113684 2.702912410727945 2.3534686021512727 35.29427889160292
64210 8.489946403457383 3.410333322155136 2.7184528684278684 2.3611602128744384 35.5076917673796
64640 8.534258512249222 3.432683207839086 2.7334881582169634 2.36808714619314 35.76956947164261
65070 8.564854713626266 3.4516419601136423 2.7441437805579825 2.369068972954558 35.981104370591936
65500 8.598222587714895 3.4673816173468057 2.7535312639006375 2.3773097064676265 36.22020517797492
65930 8.647247047840034 3.4934779750053764 2.766707216492578 2.387061856342086 36.35819483798049
66360 8.682448430472766 3.5104037175821747 2.7771551392556773 2.394889573634912 36.500805910499885
66790 8.713986400485561 3.5243516283724374 2.7862315666406934 2.40340320547254 36.61419496159392
67220 8.750783450180892 3.5404590437027754 2.7983451939274673 2.4119792125505843 36.82931366914286
67650 8.799382278810919 3.564427738192352 2.8121852914241994 2.4227692491943813 37.003383989291535
68080 8.850100373708095 3.5856718693822662 2.8267218555880445 2.437706648737743 37.154625970096326
68510 8.882988479991013 3.5983670091271023 2.8400467586165963 2.44457471224728 37.25928226532851
68940 8.929150884684956 3.6158133416372618 2.8576418669385166 2.455695676109124 37.275924060540255
69370 8.975287359158957 3.6329303825804145 2.8771664771385694 2.465190499439879 37.37939595957875
69800 9.019616264342192 3.6443865159044977 2.89530587499912 2.479923873438481 37.37700496756026
70230 9.060507403265715 3.6555997071621005 2.9129994453903576 2.4919082507132333 37.49073495998797
70660 9.105418328709838 3.6753390799234995 2.920875437883521 2.509203810902877 37.620186201462694
71090 9.163541041255025 3.6989189920473344 2.9410536272502426 2.5235684219574974 37.83353569884229
71520 9.219319550073868 3.716096012553024 2.9622130691120696 2.5410104684087935 38.065108223080955
71950 9.276445851358016 3.741355902564565 2.9796517504786886 2.55543819831467 38.301105640854416
72380 9.321072673263439 3.7634220748157614 2.990936825708017 2.566713772739737 38.608725834463414
72810 9.377791401880057 3.781823562426653 3.020826126810134 2.575141712643341 38.961111343305404
73240 9.439991429247346 3.808965447211147 3.040117768670554 2.590908213365642 39.135271465879086
73670 9.47866754506784 3.8276181857566653 3.0491967274556298 2.6018526318556514 39.19108786307755
74100 9.511595246039947 3.8424531817316177 3.063342009529363 2.605800054779024 39.31977742414769
74530 9.55793531963735 3.8637918796186277 3.0819338878570957 2.612209552161545 39.46960767176117
74960 9.615939201260181 3.89758326657795 3.097515474932631 2.6208404597496626 39.71577058915895
75390 9.660997981881032 3.9179025336117768 3.1129983748546555 2.63009707341461 39.874397406650864
75820 9.717764987735608 3.944396809661555 3.1384618110972307 2.634906366976947 39.94018498944269
76250 9.772050159730005 3.9707129018364795 3.1580549459822587 2.6432823119114506 40.05464206269462
76680 9.821950671162996 3.998410138883544 3.174891683448681 2.648648848830786 40.36619062064547
77110 9.88865129126902 4.023095692400344 3.206958131992643 2.6585974668760657 40.61655559496617
77540 9.951961204581641 4.052756588881821 3.234824597264496 2.6643800184353617 40.91865256315509
77970 10.010888696301981 4.075504234715774 3.261406478392596 2.6739779831936623 41.16155834595441
78400 10.098694548241388 4.112472717894891 3.2875622900849035 2.6986595402616493 41.480884364622064
78830 10.184200088348886 4.151988512570376 3.3161502396331306 2.7160613361452737 41.88656691627198
79260 10.271436169071883 4.190119878552262 3.3511706401015746 2.7301456504179975 42.29861224853229
79690 10.319743505084327 4.206635388715601 3.3701015940742014 2.7430065222944635 42.561670135470955
80120 10.399994401422006 4.248906416666277 3.39730789291937 2.753780091836404 42.943694046529274
80550 10.479797350528719 4.280917120866931 3.433715122746398 2.7651651069154255 43.32053865486552
80980 10.541372531359684 4.309376680787517 3.462576335184167 2.769419515387995 43.73785093759083
81410 10.607023347369923 4.3423974572960855 3.4896990969927653 2.7749267930809807 44.241168929655856
81840 10.698175853433609 4.384207444590938 3.5268424651856183 2.7871259436570086 44.73805657705116
82270 10.791473796179472 4.4205154416613155 3.566934685284572 2.804023669233481 45.20506028673169
82700 10.89254733478984 4.470462474095658 3.601968801424403 2.82011605926974 45.57292624387701
83130 10.967450537693944 4.51825133235303 3.613931394309793 2.8352678110312373 45.90558245254548
83560 11.039509287820374 4.559516259506217 3.6330259280795585 2.846967100234488 46.045189441636246
83990 11.14195305183655 4.618857456747109 3.657551549192671 2.865544045896755 46.25173025173513
84420 11.229171062260217 4.668861026096974 3.6800354891518823 2.880274547011383 46.350254173352035
84850 11.325238729666788 4.721254448762877 3.713716488328132 2.8902677925757922 46.840450373565204
85280 11.424524136452838 4.774541374679691 3.754864847757634 2.895117914015477 47.06497403686062
85710 11.521957158057601 4.828804900172733 3.775429080211007 2.917723177673883 47.13332139179308
86140 11.57186609558819 4.873812127711379 3.7746607914897976 2.923393176386993 47.16584963179985
86570 11.636824487088477 4.900027750049126 3.801033053203877 2.935763683835283 47.06603186020312
87000 11.70615726938657 4.9362973168468445 3.824657841219534 2.9452021113201936 46.861434130754894
87430 11.726645413341267 4.956094822950465 3.814302490735617 2.956248099655198 46.628817664406895
87860 11.768302218981574 4.978089621240939 3.819984278964956 2.9702283187757037 46.175344085956546
