# t MSD MSD_a MSD_b MSD_c MSCD
1000 0.6433520690247891 0.23913229335311578 0.2341444106337512 0.17007536503791515 0.7952281775521887
1430 0.7191320376211601 0.2639472518861336 0.2615378661942518 0.1936469195407725 0.9444174318724946
1860 0.7552290240162808 0.27168341864556667 0.27728063211233606 0.2062649732583872 1.0356039911434376
2290 0.8062960982712528 0.2904441494628151 0.2932419695905806 0.22260997921785067 1.1427117207045774
2720 0.8767423139276386 0.3219235119473486 0.3198088744604661 0.23500992751983543 1.2203054204487558
3150 0.9495049921791608 0.34905213807750984 0.34787193188677806 0.2525809222148693 1.3101443019167087
3580 0.9964393387528875 0.3632503076510774 0.369092744897846 0.26409628620395526 1.4021346787598654
4010 1.039964419450954 0.3735269561233857 0.3878901720665836 0.2785472912609818 1.4209727965565735
4440 1.088460611920246 0.3913887289804265 0.4063577332608358 0.2907141496789874 1.5292252502246397
4870 1.1508861809726783 0.41669220988134054 0.43207792763610176 0.3021160434552599 1.585406648686999
5300 1.2126345023575944 0.43761667225760215 0.4613547947449472 0.31366303535502543 1.6594122869762438
5730 1.2731103908597767 0.4528435802598811 0.4922306986740747 0.3280361119257938 1.7134914821733127
6160 1.317806220892596 0.4612269220926084 0.5191087221628167 0.3374705766371769 1.767327112515491
6590 1.3784748218087044 0.47816031572041995 0.5470936606144079 0.35322084547388544 1.8038012652652604
7020 1.4336672127392454 0.5010469619305679 0.5689417563119642 0.3636784944967547 1.8817110591540518
7450 1.4945316660699937 0.5215771324762115 0.5945051309544146 0.37844940263939286 1.9657190012511068
7880 1.5497406759384573 0.5371355435806658 0.6222335187967777 0.3903716135609889 2.0422819035328645
8310 1.6017441506004635 0.5510108165363203 0.6469841916442143 0.40374914241990306 2.143695198194075
8740 1.6501576557979918 0.5638414157325075 0.6706614537026949 0.41565478636277725 2.208400358257148
9170 1.7004427225621823 0.5804788752141112 0.6914836709660643 0.4284801763819987 2.2580545630649564
9600 1.753943627852944 0.5977412218883015 0.7150361279162205 0.4411662780483984 2.3428453953000963
10030 1.8045090634013012 0.6135263752037973 0.7394603530416308 0.451522335155897 2.374581728428272
10460 1.8524027634370064 0.623295727392603 0.7644986147067051 0.4646084213376975 2.4656673883546443
10890 1.9002703501484581 0.636742409365004 0.78704496487535 0.4764829759080862 2.5433544276753968
11320 1.9479345177189862 0.6543421450927353 0.8046722831328031 0.4889200894934615 2.6163778486269913
11750 1.9980248622144685 0.6766375053965369 0.8216704054115463 0.4997169514064208 2.718493775072636
12180 2.0438315204028044 0.6906329256992629 0.8427044140724589 0.5104941806310866 2.8130197822011405
12610 2.0869686909168035 0.701841133404256 0.8656864366002065 0.5194411209122902 2.904276371639004
13040 2.131194960261622 0.712811534352981 0.8870921385377997 0.5312912873708042 3.012223519872989
13470 2.1779531443379194 0.7301663708784017 0.9026260160865225 0.5451607573729697 3.136307775374307
13900 2.2227197707858433 0.7492549303753497 0.9180126143233641 0.5554522260871709 3.2307848880996564
14330 2.273594248553103 0.7667322079136378 0.9385668950677647 0.5682951455717203 3.3389193989430423
14760 2.313963608862001 0.7753576620392034 0.9605539404103189 0.5780520064124596 3.434155823054279
15190 2.3580697019667056 0.7874290724580653 0.9817417913691271 0.5888988381395212 3.544828595396578
15620 2.4122921982087577 0.8084123756925982 1.0003544933101562 0.6035253292060424 3.651680392467074
16050 2.454967265008405 0.8260117807332744 1.0150771605759898 0.6138783236991804 3.7125611520853905
16480 2.4995313487821424 0.8382781174140673 1.0345132760281255 0.626739955340008 3.8393076416719554
16910 2.5328925230678143 0.8424261833084201 1.0540167893825876 0.6364495503767561 3.8531221273273606
17340 2.5724491696419807 0.8472612922867964 1.077282479343424 0.6479053980117735 3.937862275780498
17770 2.6191986502686375 0.8623408086345756 1.0976559705581221 0.6592018710759717 4.001862365789697
18200 2.6714481296112087 0.8825065326921728 1.1164484636055447 0.6724931333134613 4.09608979492508
18630 2.7162993482649247 0.9013164868453791 1.1334424011440734 0.681540460275439 4.168578381295834
19060 2.7599851916650207 0.9116657637748733 1.1542060326718873 0.6941133952182118 4.252600658068983
19490 2.8073577822550857 0.9226575410781417 1.180595696064929 0.7041045451120408 4.368440357140859
19920 2.8578557095464787 0.9388798867135871 1.2011748978032188 0.7178009250297288 4.4477186388582135
20350 2.904059626443793 0.9530078957445167 1.2215036313866048 0.7295480993126351 4.568154188605118
20780 2.9512523471811907 0.9720476189719004 1.2361947370588295 0.7430099911504828 4.664303980722871
21210 2.9932370945412017 0.984468622289988 1.2521536827943986 0.7566147894568339 4.74116826563271
21640 3.0330766607464286 0.9936712345365821 1.2678643481533787 0.7715410780564662 4.8785424424521
22070 3.076783772909623 1.0126243180499415 1.2805529095254813 0.7836065453342432 4.9570872977977425
22500 3.1204375098989785 1.030748393041036 1.291910774333944 0.7977783425238996 5.035795978566854
22930 3.164147988503177 1.050110298910041 1.3050482873124518 0.8089894022807028 5.147071793356745
23360 3.1965810278788003 1.0596229212050474 1.3161950908456528 0.8207630158280769 5.2163915966374335
23790 3.236614382794315 1.0704479533136917 1.3314469421525097 0.8347194873281056 5.326152970262797
24220 3.2848402559666625 1.0840707811102623 1.3503212417559827 0.8504482331004204 5.421826421507931
24650 3.3348150485232604 1.1020537433725075 1.3672203128603622 0.8655409922904936 5.520497084206405
25080 3.378137374340872 1.11808354050418 1.3805333783302003 0.8795204555065316 5.569432991801926
25510 3.4171027505539984 1.1276757051402226 1.3951130292301093 0.8943140161837294 5.626295488677162
25940 3.4584111600261864 1.1402537282982106 1.409093552853999 0.9090638788738624 5.66727428323534
26370 3.5041996043593326 1.1577212585100458 1.4252894175103605 0.9211889283389263 5.7566101562844265
26800 3.554434776048524 1.1729133446190274 1.4423201034654805 0.939201327964026 5.820183906205784
27230 3.5972050451154614 1.1891876394695573 1.4569298225338856 0.9510875831120348 5.858299116151633
27660 3.637723419218972 1.1996785509671626 1.4713841431329777 0.966660725118812 5.9386582018944125
28090 3.6801788734002674 1.2150318368472266 1.4866605950590468 0.978486441494078 6.003771730267501
28520 3.727680882851251 1.2329715745631051 1.5011065623624247 0.9936027459257292 6.109712950370058
28950 3.77381010428045 1.2491201806773196 1.516773799960486 1.007916123642616 6.140994933616082
29380 3.8216739547648 1.2611750378565267 1.5403506201734793 1.0201482967347926 6.220264624621737
29810 3.8615295536875114 1.2708752047876366 1.5550996208828471 1.035554728016988 6.292343733226991
30240 3.8910333276011952 1.2818000218878556 1.5619064240420675 1.0473268816713375 6.3499457759138975
30670 3.9276283975211457 1.2940367640264876 1.5725789435246407 1.06101268996999 6.379800589315287
31100 3.9618402827753116 1.3040103240304541 1.5878764616950227 1.0699534970498672 6.427640552477384
31530 4.007160625603252 1.3172651236968713 1.6054987937628185 1.0843967081435604 6.487684566357771
31960 4.044484664943476 1.3276690351883071 1.6224875994318118 1.0943280303232645 6.547109490216214
32390 4.072081650311362 1.3347504515728499 1.6315857626022408 1.1057454361363503 6.595155873546239
32820 4.104632974427421 1.3431843307758944 1.6431347041631688 1.1183139394883739 6.626817482948871
33250 4.144055878468743 1.3543912974956571 1.66157576668986 1.128088814283256 6.623941510153347
33680 4.1804457171230975 1.3632166075348575 1.6759944807165987 1.1412346288715773 6.652080693767405
34110 4.212743738134159 1.3686670760508464 1.689616357647245 1.1544603044360584 6.66588984736951
34540 4.243767176265043 1.3783294809762014 1.7000782509925803 1.1653594442962938 6.726040123126163
34970 4.279086694301455 1.3922470866689016 1.7086026590176755 1.1782369486148863 6.828888043126347
35400 4.316497324230951 1.402946545655308 1.7235205709700316 1.190030207605654 6.885977751962767
35830 4.3619626651654055 1.4158182745754084 1.7442541135175906 1.201890277072467 6.956700209027102
36260 4.39407237525851 1.4236561176743836 1.7584000515781937 1.2120162060058846 7.038500634253009
36690 4.422290422492093 1.4249959139341453 1.7708318649411008 1.2264626436167796 7.127279319167997
37120 4.450445521602652 1.4303071551022049 1.7805862215079677 1.2395521449925027 7.2037943495527115
37550 4.48214484106094 1.4371247753586989 1.7906229038466694 1.2543971618555732 7.282179546955495
37980 4.520006779173788 1.4473824166078024 1.8035161322679534 1.2691082302979864 7.332437924770153
38410 4.555701539969316 1.4545094592921037 1.8188240353850347 1.282368045292191 7.439021105754379
38840 4.593358939460403 1.4636052022850319 1.8324081967065977 1.2973455404687613 7.522277796067235
39270 4.623548130006574 1.4720777431023104 1.8410446622423267 1.3104257246619557 7.605950980833085
39700 4.658093463761017 1.482939435535845 1.8523759632947585 1.322778064930318 7.655328058986114
40130 4.701350243793403 1.4944600463424662 1.8665198599164674 1.3403703375344735 7.692733532570239
40560 4.730487049262887 1.5018357360290766 1.876470227396294 1.352181085837644 7.712875643635678
40990 4.773040276772194 1.513163851043982 1.8940315867573905 1.3658448389708606 7.7678465744669465
41420 4.812273861074169 1.5220526360141196 1.9119266301665125 1.378294594893522 7.861208915232509
41850 4.849180141596026 1.5303027453604598 1.9245971161314477 1.3942802801041796 7.949029699712861
42280 4.893721914343191 1.5442302096422946 1.9390597079890552 1.4104319967118597 8.00128334420777
42710 4.934870880294343 1.5540380685328863 1.9541686071510884 1.4266642046103537 8.069711049765173
43140 4.977235378888346 1.5631865344218439 1.9725036073749636 1.441545237091495 8.142521090204182
43570 5.025569936139745 1.573889885085402 1.9933269946241532 1.4583530564302225 8.16998233155827
44000 5.0646865230960705 1.5829054777577254 2.0078692819469315 1.4739117633914558 8.24460468877611
44430 5.103674195671595 1.5954347993800826 2.018405594931647 1.4898338013598857 8.25278255553638
44860 5.147469504215757 1.6046114961232967 2.0385303068441423 1.5043277012483436 8.288952446465789
45290 5.199210010840821 1.617163714193254 2.059685645203306 1.5223606514441828 8.325483491186937
45720 5.243194403773131 1.6266181810418117 2.079190583724854 1.5373856390064933 8.323736529678243
46150 5.284663756659542 1.6388481766283165 2.093933278895149 1.5518823011361094 8.365633260172517
46580 5.32737258385808 1.6540258311776086 2.1067359923162488 1.5666107603642248 8.430314337828184
47010 5.373717865002439 1.669434423890206 2.124752659384695 1.5795307817275868 8.522579709521786
47440 5.419544705924554 1.682164078979759 2.144086049601242 1.5932945773435394 8.532795693403777
47870 5.4631625489549664 1.6923443057950867 2.1645151938487337 1.6063030493111474 8.573349714605861
48300 5.517898705280359 1.709348252833044 2.1845216397230756 1.624028812724209 8.585502457963536
48730 5.569462302674489 1.7306106290458922 2.205312854287703 1.633538819340894 8.659757549494813
49160 5.613141195703767 1.7459529596287462 2.21829181516006 1.648896420914929 8.698963433775194
49590 5.654290277620953 1.7614755125558093 2.2325327800369266 1.6602819850281143 8.751001910640165
50020 5.6974849817534965 1.7702968642722052 2.251635766832335 1.6755523506488352 8.7653036141269
50450 5.746285342057736 1.7856344441229854 2.272674370169962 1.6879765277648762 8.818067675725212
50880 5.786731475534391 1.801126425263481 2.2845008828798945 1.7011041673910305 8.868036943099886
51310 5.824217794040007 1.813976002319991 2.297147601083535 1.7130941906365706 8.868844013699778
51740 5.852068592941728 1.8170815025761586 2.3098331605702325 1.7251539297953695 8.905155236949367
52170 5.887284314645968 1.822029668247189 2.327897847529676 1.7373567988690943 8.966519438175801
52600 5.92842410020597 1.826044554137553 2.352134616854697 1.7502449292136966 8.975928236110484
53030 5.977758602278749 1.838535589827053 2.3779350488510462 1.7612879636007304 9.016808489599494
53460 6.011600321347453 1.845474848073856 2.3929228712900015 1.773202601983653 9.107949010961413
53890 6.034259598192549 1.843378234461788 2.4067418812694537 1.7841394824612606 9.215062643946137
54320 6.066020516303178 1.8417927630049447 2.424635889898786 1.7995918633994186 9.261438125110436
54750 6.100872713523024 1.845367640501396 2.4485982598693465 1.8069068131522223 9.308170384633558
55180 6.148760424912661 1.8556420334552604 2.4738100664947584 1.8193083249626856 9.399759036037459
55610 6.18043555610651 1.8639206503218133 2.487808955302482 1.828705950482208 9.46601902671021
56040 6.214122508336984 1.8701890041707254 2.503057645151987 1.8408758590142562 9.502496893419332
56470 6.243154585655441 1.8698207904754107 2.521580335893495 1.8517534592865754 9.561609063048733
56900 6.284473348579772 1.878628793602483 2.5435532576025737 1.8622912973747223 9.56003477880405
57330 6.3376404062146925 1.891259176094673 2.5734068946936546 1.8729743354263437 9.580691496764445
57760 6.39298048843602 1.9011476370096942 2.601306600237945 1.8905262511884309 9.587865803467805
58190 6.4258221679454754 1.9051395817612362 2.620127528926092 1.9005550572581649 9.601658347006625
58620 6.462365956329825 1.9056062638645612 2.6439190424023367 1.9128406500629607 9.646741055313248
59050 6.511217633526271 1.9135175034032277 2.671935278240355 1.925764851882658 9.659820518194898
59480 6.5702956956104765 1.9324762422517543 2.7005060856560203 1.9373133677028451 9.763703547056632
59910 6.627716641371013 1.9496661931629713 2.7290114828253915 1.9490389653826 9.827963823854892
60340 6.676307525325587 1.9600839476381586 2.753568742154975 1.9626548355323774 9.920148987476486
60770 6.7217998363365945 1.9678838461565789 2.777108134016654 1.9768078561633928 9.994217162595119
61200 6.7649782543332 1.9765777353461447 2.799439710311583 1.9889608086754946 9.984110533377393
61630 6.8214593911493315 1.9929296102867982 2.826520082094385 2.002009698768169 10.031354266553436
62060 6.888949748022072 2.0118774611274315 2.863109973788558 2.0139623131060644 10.040681097807122
62490 6.948873844502817 2.0264595597562374 2.8909973388021912 2.0314169459443074 10.059340112237184
62920 6.999956840517425 2.0353273433353376 2.9194676641156136 2.045161833066385 10.095547504907964
63350 7.051241198949284 2.0470189862838715 2.9444923661265876 2.059729846538866 10.122702773880812
63780 7.10555640880306 2.0661620122365947 2.9670731637084224 2.072321232858019 10.100897505590108
64210 7.170192167046085 2.0869500933267626 3.000373623426898 2.0828684502923744 10.051411609906209
64640 7.217385459421655 2.1018317188583406 3.030449240616487 2.085104499946799 9.909324015980575
65070 7.26646394199903 2.111926415708262 3.0562995389711767 2.0982379873196395 9.89210291263316
65500 7.320425453237006 2.127251189297855 3.0835361845380582 2.1096380794011513 9.80668899861893
65930 7.383768069097556 2.1515371000602297 3.1119781906853494 2.120252778351966 9.806740305237518
66360 7.456959576297963 2.1814472183662588 3.1418917945014644 2.1336205634301972 9.782067031370254
66790 7.527908594042339 2.2055513140844787 3.1789598298251276 2.14339745013272 9.716960879714382
67220 7.579183964246581 2.216808358821867 3.2089202961253545 2.153455309299376 9.724940813965917
67650 7.63076749085451 2.2244676644118266 3.2357715691469076 2.1705282572958735 9.65173457191036
68080 7.68563208796169 2.2430952299027798 3.2608270706560822 2.1817097874028883 9.638686602940705
68510 7.7618756924007615 2.268611607973301 3.3000471517712926 2.1932169326562225 9.554058568548463
68940 7.832697830826915 2.2904264839121025 3.3391004946367424 2.203170852277966 9.589919727388706
69370 7.901178110414221 2.3108766086978703 3.3745804138063544 2.2157210879099356 9.553346593636283
69800 7.962747842880421 2.329313452768377 3.40855746481579 2.2248769252961815 9.619304476625068
70230 8.035779284150026 2.3530450731799006 3.4433007250287617 2.239433485941413 9.6695033706607
70660 8.098169595376879 2.373576508301036 3.4754682623654873 2.2491248247104227 9.6657817718445
71090 8.171413660334473 2.3848160567638845 3.520618521959986 2.2659790816106122 9.629835750437296
71520 8.232427637482074 2.4001537264434827 3.5548467924348195 2.277427118603917 9.62188815118107
71950 8.283876312370085 2.414060535365829 3.589251499519904 2.2805642774843062 9.616772212893695
72380 8.349823921795553 2.4280725918832387 3.6260502365837564 2.295701093328426 9.605951298204467
72810 8.413582227530998 2.446872072489122 3.6639853768051966 2.3027247782366915 9.687266166054648
73240 8.478294308032494 2.4663323993389334 3.703992806594638 2.307969102098718 9.602721285677664
73670 8.535422652149872 2.473511644305334 3.749804789930381 2.3121062179140344 9.627204725854527
74100 8.588629178276783 2.485158982126612 3.7877816852984676 2.315688510851593 9.51659776563099
74530 8.64827749482664 2.5080311539422513 3.82173973556325 2.318506605321084 9.343762568333359
74960 8.70590674214411 2.5290903957384736 3.8583054267749057 2.318510919630754 9.150519619476173
75390 8.75067595112144 2.543312903822892 3.891157159564654 2.31620588773382 8.95406388473966
75820 8.806418594610664 2.551759445854787 3.9385338568697277 2.3161252918860757 8.771530338679364
76250 8.868215332924148 2.564034449311529 3.9824559788574843 2.321724904755095 8.723287624268924
76680 8.933634082698354 2.5866044698670128 4.0212729095641855 2.3257567032671567 8.699033844849636
77110 9.00549994119966 2.616693766133531 4.063625892077606 2.325180282988568 8.663515077137752
77540 9.072513783474532 2.6390742576566577 4.104449847859665 2.328989677958302 8.627660534005905
77970 9.138436427753506 2.658233590331791 4.158662772986763 2.321540064434973 8.57589846848853
78400 9.212264518158834 2.670906949529777 4.2110413341149595 2.330316234514027 8.576364305096142
78830 9.289771851504712 2.700528024460123 4.261633984061092 2.3276098429835597 8.607646351245034
79260 9.382290046281808 2.7312794311863264 4.322402751531018 2.328607863564489 8.66225823500716
79690 9.469780567143903 2.761139950465509 4.376469341756243 2.332171274922292 8.511257736620179
80120 9.53733637119218 2.7812062313353927 4.423483295351481 2.3326468445054163 8.460709837909471
80550 9.59285045566427 2.799675409730482 4.458476041990296 2.3346990039435527 8.433419742371767
80980 9.664792203342518 2.8276244834994233 4.49581309269109 2.341354627152031 8.332373123782661
81410 9.731559476763412 2.849202457148781 4.539899735137266 2.342457284477348 8.22986693135528
81840 9.800199682564044 2.8689610950178 4.586449864934377 2.344788722611856 8.188534882691515
82270 9.864108250200816 2.880551928388134 4.62937198729354 2.3541843345192057 8.029736342821538
82700 9.920665470869038 2.886838753047589 4.673550853575898 2.3602758642456267 7.847713166167413
83130 9.989280795685671 2.8918084093697205 4.727589554252379 2.369882832063577 7.716868134595526
83560 10.071973368394309 2.909158191942514 4.779911512486648 2.3829036639652004 7.47229199777859
83990 10.141368613606575 2.9193878340641524 4.832523854829008 2.389456924713395 7.3545746149131626
84420 10.205208530591058 2.937078854119929 4.873514046946689 2.3946156295244325 7.170253837276932
84850 10.258373010192896 2.943855381994817 4.911246553078497 2.403271075119726 7.051063237703368
85280 10.32594704445122 2.9598357693980057 4.9565080330665054 2.4096032419866744 6.890180052754122
85710 10.380144494361415 2.9655878685759527 4.995908774507321 2.4186478512781244 6.817266725838371
86140 10.43161740339629 2.98114369764128 5.0224408482419625 2.4280328575129624 6.65208667920923
86570 10.465429909623385 2.98070459560131 5.051530230612051 2.433195083409957 6.6207148082201
87000 10.517101305014434 2.980621584894432 5.09960013129172 2.436879588828268 6.560954500107724
87430 10.57064948435056 2.9838659705319417 5.144052504664882 2.44273100915365 6.4396634187317865
87860 10.628173297783212 2.985056328609609 5.19256648486985 2.450550484303792 6.171229276981122
