# t MSD MSD_a MSD_b MSD_c MSCD
1000 1.3113033984732747 0.4555323035048376 0.4779209142439749 0.3778501807244601 1.7210673362412592
1430 1.5048513860723305 0.5175201560146905 0.5438214814453944 0.44350974861222053 2.1263795930671487
1860 1.6448050763127093 0.5613959654977531 0.5868441845184253 0.49656492629653226 2.5180127556200858
2290 1.7979048900514663 0.6086235522575292 0.6347474314069005 0.5545339063870469 2.9792492266654405
2720 1.974622269599641 0.6718430522355748 0.699470157892528 0.6033090594715235 3.479650524144942
3150 2.1857656925418136 0.7503132189199436 0.7788310149531271 0.6566214586687594 3.9185726953043103
3580 2.3627759211959445 0.8070429225457054 0.8491302285545562 0.7066027700956405 4.295750635625463
4010 2.4911574133294003 0.8492478442440797 0.8977922018996165 0.7441173671856769 4.632253727393185
4440 2.6282250932403555 0.8904771827998771 0.9453454405937312 0.7924024698466958 4.9681004573011585
4870 2.7761104753077297 0.9389835506633997 1.0045087608744538 0.8326181637698831 5.308083596484433
5300 2.932434869476378 0.9926282716725968 1.0657684679139328 0.8740381298898118 5.581772183638508
5730 3.0790419428550577 1.0456094803516993 1.1209235676787859 0.9125088948245849 5.767793033784787
6160 3.2205863181618457 1.0931371271480108 1.1744518585232477 0.9529973324906712 6.0062754595379655
6590 3.3609266679971626 1.1346115548152853 1.2325010525525324 0.9938140606293514 6.243994295452475
7020 3.4891639349023293 1.1715342617922704 1.2821672682679077 1.0354624048422294 6.437014504549098
7450 3.6211656205878424 1.2222250130685688 1.3273921135896534 1.0715484939296331 6.624077336097165
7880 3.761782106761505 1.2810592125376359 1.3717578275463993 1.108965066677567 6.819730596116963
8310 3.9069780109404944 1.3339479873504518 1.4218072049263322 1.1512228186637459 7.1333048169439905
8740 4.035568216902457 1.3791945268679737 1.4666019695252686 1.1897717205091956 7.430282466216193
9170 4.172340158103972 1.4242835103831437 1.515928768263285 1.2321278794575707 7.753402986298545
9600 4.315147465179751 1.4738556016408546 1.562912592670298 1.278379270868508 8.081024442137242
10030 4.452520262690851 1.532125999746324 1.599378346599539 1.321015916345021 8.39356983168638
10460 4.580035958755391 1.5888876107025658 1.6314076036334049 1.3597407444193594 8.651670799913665
10890 4.704714487372339 1.6373856273286251 1.668059719895528 1.3992691401482045 8.949499805592602
11320 4.822895689536179 1.6805466020372337 1.7008051786478073 1.4415439088511834 9.294023471619779
11750 4.9387528685769615 1.7237694602548996 1.7327280172668051 1.4822553910551042 9.579095836488646
12180 5.068180813387428 1.77190525940593 1.7697446742799263 1.5265308797015373 9.949941966760026
12610 5.193961273089656 1.8241925466674902 1.802275543530715 1.5674931828914795 10.275479004506165
13040 5.307653101124287 1.8693706025112817 1.833216122756739 1.605066375856289 10.683079594119572
13470 5.420387728491556 1.9124611716310287 1.8626518346263792 1.6452747222341602 11.109985023275165
13900 5.53352679588323 1.9587185144689387 1.8919248885756366 1.682883392838666 11.48202100498534
14330 5.671150258353882 2.015098851749697 1.931034444786339 1.7250169618179503 11.863573235527499
14760 5.803132400444136 2.0747215202037075 1.9661511392467899 1.7622597409936889 12.193164966227416
15190 5.939384024028562 2.130986841699159 2.0114628163006847 1.796934366028687 12.557968205782068
15620 6.057874619449174 2.1762830825190407 2.0480243416036235 1.8335671953264936 12.849436522468311
16050 6.165393725331535 2.2214672361111325 2.0748815882947165 1.8690449009257164 13.117377186849195
16480 6.282560409602177 2.273929509395729 2.104504499073732 1.9041264011326309 13.378587809731345
16910 6.418678804304438 2.334297893388315 2.1412221083365925 1.9431588025796014 13.669240203363062
17340 6.555569252266526 2.384709898194801 2.1913583745956426 1.9795009794762048 13.913402523140086
17770 6.673894942749234 2.4257660181683547 2.234127600401384 2.0140013241795516 14.136825932769103
18200 6.783368432663694 2.4670903939615036 2.2643228253629273 2.051955213339311 14.519274461213405
18630 6.898552261892444 2.5102113389869225 2.298864175173384 2.0894767477321476 14.978808123549527
19060 7.027220853207799 2.5637739243612767 2.333133921192628 2.1303130076537573 15.470405078461305
19490 7.162720793148376 2.626835581984337 2.368471411065825 2.1674138000983496 15.935478033203156
19920 7.298433067960872 2.6823815417153605 2.412828989615316 2.203222536630062 16.403581776757814
20350 7.427965051767567 2.7299928271483216 2.458387346343427 2.239584878275893 16.915586761817195
20780 7.543924109126152 2.7790065361604914 2.490679855800295 2.2742377171655073 17.42780304376112
21210 7.6673101323524495 2.831204653922324 2.5244552506967644 2.3116502277333657 17.95209202754232
21640 7.806151446240147 2.887120504313503 2.567255416485046 2.3517755254417083 18.448006412647207
22070 7.944986016074554 2.944594553016311 2.6133897064362466 2.3870017566219905 18.876245521698078
22500 8.078015163825278 2.9984609460273437 2.6584377237932237 2.421116494004877 19.393448895266793
22930 8.224885749732245 3.0510736876725817 2.713914990023627 2.4598970720359534 19.897926270840305
23360 8.367810556239201 3.107154822436728 2.7626845443905483 2.497971189411707 20.333417660706303
23790 8.509255439691858 3.1705850245425284 2.806658064066728 2.5320123510826473 20.862489116752947
24220 8.662929329100086 3.2376866242420457 2.852489327846018 2.572753377011798 21.27666928445665
24650 8.815287757459759 3.2983132542064735 2.906146845477943 2.6108276577752467 21.674027642625422
25080 8.951671854624841 3.3513273677521607 2.958332935057886 2.6420115518148433 22.059307690518338
25510 9.096645581794313 3.40980065651933 3.010093570113024 2.6767513551619686 22.29289507828152
25940 9.24036762412051 3.469504429866664 3.0585089615966123 2.7123542326574026 22.64883263203533
26370 9.38312072554402 3.53444211141058 3.103829720983313 2.7448488931501602 22.944617070578314
26800 9.521311983668145 3.5954151603179056 3.1515126077205715 2.7743842156296035 23.23061840608894
27230 9.654868270543998 3.644140990486569 3.20116239919278 2.809564880864661 23.390909007802748
27660 9.790157979039892 3.6952243836581773 3.2558893225090113 2.839044272872706 23.697572622261497
28090 9.925268309091429 3.749755713284654 3.3070744053697236 2.8684381904369265 23.98082896744509
28520 10.078737736619011 3.8122781056457224 3.3626158216618705 2.9038438093113124 24.37124426808937
28950 10.226346012965507 3.87077286376118 3.418067190611793 2.9375059585925762 24.71977014415685
29380 10.361473858385118 3.922681001559179 3.4679898542342102 2.9708030025915617 25.03167390136099
29810 10.49456050330614 3.968071998800259 3.518537298344645 3.0079512061613216 25.42833499795935
30240 10.633334365438992 4.019666675086248 3.571764731170085 3.0419029591827607 25.85707835417438
30670 10.781169513845562 4.0763877178606425 3.624230214016406 3.0805515819683693 26.41211902876064
31100 10.930284828412976 4.136741324450921 3.678119027102164 3.115424476859792 26.863699500293855
31530 11.07978855684697 4.198015201211826 3.7346666864650433 3.1471066691701637 27.230739646729127
31960 11.228210531744468 4.249213660512019 3.792911833371141 3.1860850378612295 27.64529212390283
32390 11.373442788769777 4.303549499051017 3.83878668276165 3.2311066069570398 28.059875139639516
32820 11.514702409563972 4.360627208055743 3.8857250188851298 3.2683501826232715 28.48696145188733
33250 11.67190385523807 4.42280832854347 3.9338525453886435 3.315242981305601 28.905699909262932
33680 11.814406293619696 4.477952434286932 3.980038919419403 3.3564149399133876 29.242349538801374
34110 11.962445998462938 4.532569492810645 4.032369090969632 3.397507414682665 29.624374859782026
34540 12.113444799164078 4.580572382205651 4.087737846335017 3.4451345706233454 30.15034304645925
34970 12.264591764311428 4.632655325894234 4.14705630716096 3.4848801312561313 30.772789714764293
35400 12.41121244119828 4.688300305484566 4.190050432782759 3.5328617029308833 31.288504053018833
35830 12.536086642985016 4.740040141836205 4.224796844689646 3.571249656458935 31.62957299070661
36260 12.675550816014079 4.797895005164242 4.26443231170776 3.6132234991418626 32.04471191226432
36690 12.817377427062281 4.8516453823953585 4.317195398542854 3.648536646123912 32.625727143414686
37120 12.973150127564994 4.902698804282867 4.3770539755804725 3.69339734770164 33.295252946534326
37550 13.115082267110818 4.94507724693464 4.434066938307581 3.7359380818682975 33.79124988241077
37980 13.255562097759052 4.9937821889532215 4.480284929841983 3.781494978963871 34.27349581362071
38410 13.386863013230931 5.041658306793384 4.518163566516598 3.827041139921034 34.884618787237024
38840 13.535297761320395 5.095061645302325 4.564558098111156 3.8756780179068016 35.52531374143728
39270 13.698696664144286 5.149233487788048 4.626559538824437 3.9229036375317268 36.261475841285446
39700 13.847017495779157 5.1953905576794925 4.684525964972523 3.9671009731273283 36.894521138468214
40130 13.997403629013242 5.243414174526215 4.737375534462251 4.0166139200247875 37.54696336665327
40560 14.150067630147486 5.299341558698687 4.783805535736068 4.066920535712683 38.2789474342225
40990 14.286204122339024 5.345319282018853 4.82718797092311 4.113696869397233 39.126056742993605
41420 14.429294935878762 5.389664276554929 4.878515112495236 4.1611155468283485 39.9765585159344
41850 14.579247372254729 5.426645788223206 4.938813286872517 4.213788297158952 40.76300902274028
42280 14.731263735990341 5.468893327663018 5.001081681717223 4.2612887266100445 41.60015248740825
42710 14.886332067393802 5.520558491642278 5.055934652028586 4.309838923722843 42.50880434303215
43140 15.043573858587076 5.569753134441717 5.11041386700707 4.363406857138381 43.28385539393616
43570 15.205154617799838 5.6210063589484545 5.168850031672572 4.4152982271789725 44.02719606383858
44000 15.353110877931401 5.660711401067159 5.229195871264905 4.463203605598983 44.66150727032545
44430 15.505029312727675 5.711156500786324 5.287499224475688 4.506373587465662 45.29931857054714
44860 15.670312546698664 5.766706094412289 5.346359224791005 4.557247227495448 45.97061775441949
45290 15.825111805846662 5.82508764979406 5.3994552357771575 4.600568920275488 46.57391716103072
45720 15.985061073976981 5.872128352417361 5.456198540360074 4.656734181200076 47.186409963226986
46150 16.136735372038284 5.916553942007214 5.512797948205345 4.707383481825982 47.774135836096775
46580 16.279013726925008 5.960112792319063 5.565887395355205 4.753013539250679 48.33149820103511
47010 16.426776521466568 6.01175874648801 5.613129264113311 4.801888510865193 48.66990531358911
47440 16.56817494249836 6.065451351739069 5.658680692774235 4.844042897985169 49.047344345395466
47870 16.72913105865228 6.120903145737618 5.715785872765181 4.892442040149232 49.475988554943754
48300 16.888187428766184 6.167285689426615 5.770834899058571 4.950066840280978 49.96913522481065
48730 17.0387532780761 6.2100678674818095 5.825032066142966 5.003653344451544 50.2291774302081
49160 17.178383748910292 6.256396887792306 5.86516348239859 5.056823378719705 50.58026524692432
49590 17.3325854280708 6.319181887959035 5.90403506603938 5.109368474072512 50.87779278317143
50020 17.49240238720985 6.380284933180435 5.947459751268366 5.164657702760908 51.169704391017575
50450 17.65671067101291 6.4327414224038915 6.001468749084948 5.222500499524275 51.461991947680254
50880 17.821311829341496 6.478577768202718 6.064720409725017 5.27801365141371 51.76403960809914
51310 17.994312839070265 6.532630241573736 6.123376885383113 5.33830571211371 51.96696585618649
51740 18.14785430610074 6.57734196821981 6.1779322875349925 5.392580050345861 52.20758775781521
52170 18.29628512689813 6.631053717371061 6.225036256519018 5.440195153008308 52.45703564301602
52600 18.460168469925918 6.694936527285321 6.276930329727775 5.488301612912654 52.692697499883025
53030 18.620664113657952 6.756734104265493 6.328860145179421 5.535069864213383 53.22438888919735
53460 18.777902561832136 6.803792205987201 6.383760610228444 5.590349745616486 53.704526913140015
53890 18.93392032974448 6.847549139326628 6.437838930890282 5.648532259527549 54.22203884932375
54320 19.096086530550725 6.910391785248969 6.483365944503656 5.70232880079787 54.875546684883496
54750 19.265376427020602 6.977192043918809 6.52940816479731 5.75877621830459 55.64046024029426
55180 19.434397089587762 7.052187558441416 6.570017914648878 5.812191616497583 56.47565120557374
55610 19.59648373558074 7.1178281355121555 6.6126368366977815 5.8660187633705965 56.988130542170076
56040 19.746235681375108 7.157011940501488 6.665328744749257 5.923894996124289 57.45224737175169
56470 19.88756891612065 7.203413844768395 6.708664705153271 5.97549036619893 57.83876330840788
56900 20.04177735874379 7.274253245967264 6.750958244098593 6.016565868677945 58.31812456998507
57330 20.181033891612895 7.337143711554455 6.7794820454782085 6.064408134580341 58.77074333673489
57760 20.3091675604965 7.390247229650358 6.805618710627489 6.113301620218577 59.29051030068553
58190 20.43356749471843 7.4308011649646195 6.837783251351911 6.164983078402342 59.93105072867726
58620 20.573435165180143 7.481980063540063 6.874288702980383 6.217166398659408 60.679732539869995
59050 20.734711797817905 7.550983057559788 6.914436711632255 6.2692920286256735 61.5058735612628
59480 20.898291765381575 7.621654929476862 6.9519795228127705 6.324657313092135 62.194626267973355
59910 21.051816958146475 7.685828746099909 6.984092084114883 6.381896127931809 63.03057951695278
60340 21.216656047364403 7.75382072598622 7.015864696870418 6.44697062450775 64.00750423129688
60770 21.388292177829353 7.80948799084978 7.063826948001608 6.514977238978183 64.91326360783289
61200 21.568939913305453 7.877601015453235 7.113172195027014 6.578166702825538 65.68631536026272
61630 21.76107824809425 7.958446482371836 7.161814343751791 6.640817421970274 66.31035438287317
62060 21.942593343693474 8.024813098688778 7.20210606299441 6.715674182010723 67.0452349859729
62490 22.103866437685614 8.08744144675073 7.238527881235194 6.777897109700121 67.9938921377077
62920 22.263571158812166 8.142940085370723 7.287320257171138 6.833310816269978 68.99683489586258
63350 22.44432201971317 8.191448370195417 7.346070988491012 6.906802661026812 69.69495907535048
63780 22.641359912247093 8.255890559854835 7.410201218578752 6.975268133813511 70.43647984722124
64210 22.841680656251352 8.332951869988364 7.462343791370791 7.046384994892304 71.37710676979842
64640 23.014141563464293 8.390711269666609 7.5083039043382795 7.115126389459376 72.45881849953321
65070 23.169021991807053 8.431161194655186 7.561203114676054 7.1766576824757555 73.47742399955538
65500 23.337596676053998 8.478114932955592 7.619268200600085 7.240213542498011 74.46941476451609
65930 23.517427426656447 8.527842788870165 7.684171167425605 7.305413470360592 75.52521484805827
66360 23.70803762482393 8.57676628281828 7.753827348739606 7.377443993266069 76.7481160868719
66790 23.882523438462997 8.627124346191202 7.818324375316277 7.437074716955671 77.86275299769194
67220 24.019035913069057 8.667357494673661 7.865765702234863 7.4859127161604055 79.0412125315172
67650 24.14671388583021 8.69455678023723 7.916686245759705 7.535470859832972 80.04204597463517
68080 24.28163467368529 8.725573431093057 7.968650224632886 7.587411017959129 81.19490298197073
68510 24.431059869278958 8.778332317979629 8.00409364615963 7.648633905139971 82.47965170094959
68940 24.555575879226215 8.825076111638548 8.026351372369126 7.70414839521869 83.85534568729368
69370 24.668376068986223 8.86129095685424 8.050535471787608 7.756549640344507 84.94512997368415
69800 24.820373214868983 8.897465571123638 8.107796863074867 7.815110780670212 85.88104258590391
70230 24.966839098148384 8.940752408757744 8.16044055851636 7.865646130873923 86.62245044212928
70660 25.10523375570871 8.978016956930336 8.21308515843924 7.914131640338959 87.7202514630916
71090 25.23230560811912 9.017160746225391 8.253931511732004 7.961213350161487 88.59667190560275
71520 25.342433319806787 9.062098476319033 8.269136113801764 8.011198729686235 89.72192511599792
71950 25.451958663603953 9.103577981139136 8.29067082727611 8.057709855188707 90.91182349602826
72380 25.575684061540166 9.139573883106966 8.32793677252837 8.108173405904672 92.25830598002739
72810 25.727170076409013 9.199550838906658 8.363196430904882 8.164422806597873 93.63387648956581
73240 25.873812035386266 9.263482080429283 8.410883226708178 8.199446728248768 95.14680790262258
73670 26.025666182115685 9.329897940744024 8.450813967052747 8.244954274318943 96.6043359424879
74100 26.157217745996935 9.384680940249186 8.477179668216701 8.295357137530994 97.85895611147879
74530 26.28006164088274 9.425263789475038 8.51296184199962 8.341836009407873 99.00550813768446
74960 26.412217903614366 9.480551206728213 8.545041507365436 8.38662518952091 100.13181432558986
75390 26.547215322295052 9.533810387785115 8.576057842404063 8.43734709210606 101.16663980025032
75820 26.661645035582357 9.579672851860362 8.602685401570136 8.479286782151926 101.95909788532812
76250 26.80556335583736 9.648872404366466 8.624354049539717 8.532336901930877 103.02091688536294
76680 26.935188975368284 9.705234210416648 8.641177917470957 8.588776847480906 104.15470284548347
77110 27.052776412975277 9.745297159208945 8.663263608204785 8.64421564556145 105.48644010339969
77540 27.197981222608213 9.785625769500317 8.705170759206059 8.707184693901958 106.75358438728048
77970 27.338105862247804 9.82764141787004 8.734923533419796 8.775540910958203 108.0944140956462
78400 27.45302527476281 9.860899875943199 8.758681341767446 8.833444057052116 109.08931826982676
78830 27.549374948950778 9.89359484306603 8.756451478788247 8.899328627096414 109.99088127763225
79260 27.626147203971666 9.911927323114604 8.76444747722235 8.949772403634952 110.5194117267889
79690 27.72839859358485 9.923424562796 8.77828983714342 9.026684193645567 111.40703202423539
80120 27.836315553809143 9.932920965299749 8.795498820026483 9.107895768482786 112.32879332670686
80550 27.965980691082834 9.961706904420069 8.831611715991025 9.172662070671661 113.59534684376385
80980 28.08593271050069 10.00204330584604 8.851992738091283 9.231896666563507 114.85627837861061
81410 28.154071318219703 10.010494587644272 8.868020256779937 9.275556473795241 116.07165789185973
81840 28.221155724074173 10.02425777252663 8.88437786283435 9.312520088713104 117.03701484355712
82270 28.32448972684076 10.050601174842102 8.904702058870924 9.36918649312819 117.99428610498276
82700 28.4319749300614 10.104155307304946 8.927806984579545 9.4000126381766 118.84473459098304
83130 28.524643763758284 10.131791747409265 8.943708912287512 9.449143104061601 119.96954411074104
83560 28.592436874280427 10.151616955384103 8.950363373412452 9.490456545483967 121.35979435633585
83990 28.674960075873567 10.190284568605621 8.95100513155781 9.533670375709859 122.29792028077891
84420 28.81484247945025 10.23559701232746 8.98153722408028 9.597708243042018 123.41162824401032
84850 28.93057476690527 10.27324727474038 9.011318723477057 9.64600876868763 123.94192528189484
85280 29.060026275003967 10.320706998784273 9.02156457735468 9.717754698864962 124.54052363621467
85710 29.129139331970546 10.331562460875107 9.027996806494443 9.769580064600662 124.82043016445496
86140 29.211048007985333 10.348897176110718 9.053695719254083 9.808455112621036 125.09069136557932
86570 29.32156284738404 10.374544818345845 9.107282475227791 9.839735553810389 125.40384567517073
87000 29.420189931546815 10.398414277873455 9.137994134454333 9.883781519218994 125.00019647620417
87430 29.541684030707135 10.435538466883179 9.168697339704398 9.937448224119304 123.9978204393391
87860 29.606314917720336 10.446745105852361 9.15709604249219 10.0024737693759 122.48850308845222
