# t MSD MSD_a MSD_b MSD_c MSCD
1000 0.9585807056970016 0.3427195028107172 0.34686079428184474 0.269000408604453 1.2715923252354733
1430 1.0718680912236265 0.37902313654897796 0.38958292276038975 0.30326203191427875 1.52290529746739
1860 1.178075191083125 0.4139981803249854 0.42918496297146075 0.3348920477866841 1.8092387931322103
2290 1.342764935174823 0.47731650779733925 0.4939569728737265 0.3714914545037586 2.100577235540746
2720 1.489535864119103 0.5325703450503453 0.548639663988369 0.40832585508034586 2.3723354053902543
3150 1.5998583046327417 0.5691955936269357 0.5839103081083293 0.4467524028974824 2.6061797954310877
3580 1.7229703080582006 0.6186949345961068 0.6203898821567846 0.4838854913052754 2.806190971053091
4010 1.8720591251032495 0.6798195421008317 0.6691011744706599 0.523138408531723 2.976610251490723
4440 2.0099137438480614 0.7312664483923034 0.7193567879173882 0.5592905075383033 3.1552240494368347
4870 2.123189765401406 0.7709088665679185 0.7559742985877619 0.5963066002456718 3.2748677716896624
5300 2.2426735610614164 0.8201490699778299 0.7928868197376889 0.629637671345894 3.4165505053223226
5730 2.369564966869303 0.8762768879880198 0.8292735828009209 0.6640144960803551 3.5638603926506005
6160 2.5039505019728803 0.9240931014958633 0.8806163319443164 0.6992410685326914 3.7711428006729864
6590 2.623302106147179 0.9666962145790173 0.9235570080348817 0.7330488835333047 3.9644317662598585
7020 2.744208010620004 1.0118210336654507 0.9654491738145659 0.7669378031399412 4.099449059368213
7450 2.8762919758571375 1.0684518329294532 1.002204016333593 0.8056361265940727 4.269850924750852
7880 3.003078663549847 1.119314927381097 1.0440650535378113 0.8396986826308794 4.396882288964273
8310 3.1263572204173253 1.1594970341678208 1.089288006152182 0.877572180097238 4.530522978990967
8740 3.2422761385853507 1.2015394748620387 1.1302524963473197 0.9104841673760042 4.604479691414488
9170 3.3667881611073414 1.2534123537771813 1.1681432677528334 0.9452325395773885 4.674571674009201
9600 3.489909757543768 1.3036475972958037 1.2041944185150315 0.9820677417328911 4.783025223592194
10030 3.611728618677984 1.342621128026771 1.2528396795627494 1.016267811088462 4.842149596959732
10460 3.7287506665548906 1.3824993885341654 1.2935348528881088 1.0527164251326404 4.967127598595254
10890 3.8545840246513126 1.43579251702021 1.330212364975303 1.088579142655802 5.042450856397395
11320 3.976143812022192 1.4868502939658632 1.366775671743899 1.1225178463124992 5.1589856833054455
11750 4.088605431765047 1.5230232294518276 1.4096246569312805 1.1559575453819158 5.27219915069648
12180 4.204552131122608 1.5610009593379164 1.4568330403979204 1.1867181313867172 5.465031060617161
12610 4.334370773020734 1.6104748244274707 1.5007411957384544 1.223154752854702 5.659923046908978
13040 4.465347163574972 1.660162850696064 1.5469065446118553 1.258277768267098 5.846957325597287
13470 4.572819062572763 1.6930363454366473 1.5900763044253947 1.2897064127106392 6.02781877584678
13900 4.691366929916108 1.7331819444476768 1.6378869307217139 1.3202980547467131 6.225821529624793
14330 4.820458734939162 1.782655610389838 1.6828865909893003 1.3549165335599698 6.329707299764456
14760 4.941150269316235 1.8276394068720758 1.7278076622980103 1.3857032001460436 6.447178508108811
15190 5.052039388597558 1.8635355464531012 1.7711244993700996 1.4173793427744417 6.652125937147389
15620 5.164705051521387 1.9028787358378372 1.8132833627613612 1.4485429529221792 6.820699050414459
16050 5.286392019211732 1.9487264210384925 1.853051350142758 1.4846142480305644 6.929956921680315
16480 5.397172960578974 1.9869691028186103 1.8974138734245105 1.5127899843357893 6.969107307678601
16910 5.508491664297413 2.0192147865384698 1.9455731990646767 1.5437036786942968 7.0845405509434904
17340 5.630385841842818 2.062418459460288 1.9875181379651536 1.5804492444173484 7.254852753195032
17770 5.744310905213762 2.1143090051800413 2.0198979194194733 1.6101039806141813 7.460686235558043
18200 5.861397153594492 2.154216356230408 2.0638700184181937 1.643310778945977 7.685192795661175
18630 5.9749110389262565 2.186032911454823 2.1145253142153075 1.67435281325612 7.948182874462509
19060 6.093066951966741 2.229668601820422 2.1564902366097445 1.7069081135365674 8.242845376165151
19490 6.2251453863011585 2.2840669901147894 2.20156450834993 1.7395138878364664 8.536011834867947
19920 6.347206498994197 2.3273726478448378 2.246243645646738 1.773590205502717 8.823472355279721
20350 6.474533146871419 2.3675411630142555 2.304462014253394 1.8025299696036645 9.127524197653424
20780 6.608916954281825 2.4142213916021826 2.3592627336895133 1.8354328289901618 9.538606315838635
21210 6.746475589969674 2.4713666229131213 2.406703677428924 1.868405289627765 9.925215597418923
21640 6.870850811514699 2.5166251468489675 2.454946175849455 1.8992794888162663 10.299009734086216
22070 7.015195103318501 2.5625360394979344 2.5179465533402987 1.934712510480394 10.612597837916285
22500 7.1520316597007225 2.6102861387436196 2.572099945321202 1.9696455756359554 10.926623036158388
22930 7.293529874413235 2.664623407802527 2.624873263784275 2.004033202826268 11.223838051718978
23360 7.433032304956527 2.715267750437811 2.674841103882501 2.0429234506362053 11.51235000386432
23790 7.571177253565631 2.7646094936585874 2.727155863825927 2.07941189608129 11.859514554712172
24220 7.716414176393827 2.8167921579582287 2.7816650783514834 2.117956940084079 12.168713241774707
24650 7.859364748337444 2.872786535408204 2.831072953068807 2.155505259860511 12.413880177315958
25080 7.99752808568999 2.9219353208736845 2.8833192507503456 2.192273514065939 12.689767857431503
25510 8.135576360166697 2.9695295789520566 2.9357238452597314 2.2303229359549532 12.993773202950877
25940 8.276260154628362 3.016247244550523 2.989741526921946 2.270271383155849 13.245500817994001
26370 8.409187787119073 3.0631790878553975 3.03552132098722 2.310487378276285 13.412723815974628
26800 8.54036123691109 3.103086136337 3.083587105270551 2.3536879953035017 13.71483779558559
27230 8.670188278898733 3.140287527935499 3.136635553900924 2.3932651970622807 13.981793514736639
27660 8.812084417557992 3.1877197602630805 3.1903368660520415 2.4340277912428694 14.170955938727571
28090 8.961032490257951 3.2424282683552903 3.2427472014852072 2.4758570204174712 14.369375840651342
28520 9.105698417165785 3.2969070006344348 3.292399636303447 2.5163917802278912 14.636404683880812
28950 9.247810750905872 3.3443630623301903 3.346702675446205 2.556745013129421 14.853768346548321
29380 9.390101055540477 3.394237532214633 3.398351895092141 2.5975116282335375 15.063685424265124
29810 9.53228660120193 3.447573875523048 3.447006487628075 2.6377062380508733 15.274855071669178
30240 9.675955556138794 3.499374387503548 3.4951588383260974 2.6814223303089744 15.459223895812869
30670 9.816069405794165 3.542683126402068 3.5496717087697003 2.723714570622494 15.757808831441922
31100 9.962195728757655 3.589323273875212 3.6029564561709955 2.7699159987113715 16.028407024883826
31530 10.100888819476081 3.637919150283917 3.6517197459437387 2.8112499232482913 16.282306886022415
31960 10.24395010625322 3.683208221945356 3.7059429795397456 2.85479890476795 16.581559693952258
32390 10.394058399287921 3.7281511878266853 3.7676324917014306 2.8982747197599577 16.917399166308545
32820 10.543279205361552 3.774409501796518 3.8284501463102965 2.9404195572545073 17.25331568152025
33250 10.698313376846642 3.8286247514004956 3.8848264747454713 2.984862150700522 17.492618446585677
33680 10.837827929964432 3.872704843215244 3.9373014160673367 3.027821670681567 17.784771686719647
34110 10.975368185966254 3.913401835386014 3.9962145641479485 3.0657517864324797 18.07784489558453
34540 11.129555844791158 3.960130967545299 4.058625933413165 3.110798943832596 18.475605038139545
34970 11.278355775609024 4.00951639889097 4.117648227174602 3.1511911495436755 18.91059466812644
35400 11.41762474864295 4.0541120659392 4.171433060310139 3.1920796223936367 19.299346655097427
35830 11.553465410046586 4.0916915078425715 4.2319890947665915 3.229784807437376 19.70395421995588
36260 11.702499037239601 4.134474287479215 4.2953504306680195 3.2726743190923653 20.10329128657713
36690 11.841602157574085 4.175200455002118 4.352092977459666 3.3143087251123458 20.473637698614848
37120 11.98746139391709 4.218928912735875 4.4123772770694565 3.3561552041117046 20.76630781721089
37550 12.127018625561528 4.256098243423811 4.473620988085627 3.3972993940519047 21.090131131260623
37980 12.270370342448134 4.292361843239686 4.535947673755283 3.4420608254529115 21.473461675669274
38410 12.411478557654771 4.33023185301044 4.598253340191632 3.4829933644524553 21.788173868853683
38840 12.566579498914463 4.376961644326226 4.662668535643951 3.5269493189444017 22.162356382749383
39270 12.714903239903755 4.421125561715491 4.725893498061741 3.5678841801266197 22.51835211162696
39700 12.854031815382257 4.4568976210650435 4.792627937943191 3.6045062563741554 22.908739003276235
40130 12.992482437913043 4.495149076056056 4.850910354457158 3.646423007399824 23.225855097886452
40560 13.138136790389707 4.545023195492241 4.907090674515771 3.686022920381775 23.58416119850498
40990 13.284755541810021 4.594808697779544 4.963738606861102 3.7262082371693155 23.95999984503089
41420 13.44038184646683 4.639321666039726 5.030270100951857 3.7707900794750095 24.411553693601913
41850 13.598586760547919 4.68368778126036 5.098443154374107 3.81645582491328 24.7753754951427
42280 13.746765358158427 4.729293945350071 5.155714425597726 3.8617569872106285 25.011526891674055
42710 13.878782879491204 4.778591095657574 5.19632045501469 3.903871328818931 25.2323501707358
43140 14.019351311773335 4.822848921936731 5.250139299038364 3.946363090798442 25.41628477854778
43570 14.159373962357346 4.870206480623671 5.299991387546465 3.9891760941872145 25.695529438472636
44000 14.306474733465677 4.924823718682617 5.3505825627556005 4.031068452027692 25.874231816819204
44430 14.438493065737624 4.966856367213183 5.393740257494059 4.077896441030158 26.073863561797033
44860 14.571010197173523 5.009866352732045 5.439036260313946 4.1221075841276065 26.2421701605712
45290 14.711059208042974 5.0579827946575415 5.485926951690782 4.167149461694607 26.571544159809594
45720 14.856896423045614 5.11005995282906 5.536275318926409 4.210561151290435 26.924640166668
46150 14.991920420593287 5.161402284273524 5.575931443941762 4.254586692378021 27.289685154743847
46580 15.117559063741778 5.208116214909479 5.614323614755601 4.2951192340766715 27.597092230145908
47010 15.268439502142785 5.261580602058386 5.665848972355455 4.341009927728864 27.913496835764125
47440 15.411853104720644 5.319302732736635 5.711323022076095 4.381227349907958 28.219053415169483
47870 15.54165077291829 5.36807127233857 5.7559889331001255 4.417590567479369 28.480317137527553
48300 15.674249942050256 5.416396404716152 5.800349378889562 4.457504158444649 28.644326236645057
48730 15.80984014861091 5.46856596335027 5.851113592654384 4.4901605926063155 28.901782155395043
49160 15.9621338306321 5.528206904227567 5.905217732921867 4.528709193482967 29.23601286448138
49590 16.099337854229486 5.581088509694636 5.951904997783121 4.56634434675169 29.506816729238604
50020 16.233033524533663 5.627424661210697 5.999257671880413 4.606351191442488 29.780606619955893
50450 16.36987066246745 5.676328133462246 6.051116608128317 4.642425920876725 29.993808474041554
50880 16.514491124188684 5.733128056879892 6.10212875533818 4.679234311970594 30.320424307664595
51310 16.6426345793295 5.782146448794998 6.147031571306358 4.713456559227706 30.574103231264143
51740 16.758486176955227 5.8263141610926565 6.184931370510251 4.747240645352303 30.79477270591093
52170 16.886201014243525 5.875083587281349 6.229598360162001 4.781519066800239 31.07359700842479
52600 17.018048498477174 5.922082509935148 6.278174097683677 4.81779189085852 31.394247300713303
53030 17.134309343011537 5.963121681442629 6.321882797563731 4.849304864005213 31.64846803381596
53460 17.25135617144919 6.004888889919309 6.363611697900392 4.882855583629693 31.838676882276605
53890 17.386498580156008 6.057370845855027 6.411224626543417 4.9179031077571915 32.022988004670324
54320 17.536487598446225 6.116331317211841 6.46581014274593 4.954346138488801 32.31864038068736
54750 17.668750847436435 6.161402577205163 6.518381304186746 4.988966966044741 32.54502215564513
55180 17.79753436248384 6.206028642642937 6.565898961493867 5.02560675834706 32.860557131878586
55610 17.937374608847666 6.257176589157116 6.618668131960378 5.061529887730256 33.02774550759434
56040 18.080150069515142 6.307591087050951 6.674220853337829 5.098338129126264 33.25236622186131
56470 18.209220223528675 6.3527408662608975 6.723746146483943 5.132733210783815 33.504672007541394
56900 18.33455798938309 6.396969878138279 6.7696298212584844 5.1679582899858625 33.807402531854606
57330 18.47371511546927 6.4493667312744 6.819283175061452 5.205065209133457 34.03299218951684
57760 18.617321976653 6.503872540237936 6.870960880694418 5.242488555721136 34.35312732162746
58190 18.741333004090606 6.546801006128366 6.914187976110263 5.280344021852139 34.65767280303822
58620 18.866723361608756 6.592977835408481 6.952613921033601 5.321131605166547 34.898405354097605
59050 19.017630835006937 6.648461111000773 7.00698833338975 5.3621813906163585 35.21619607278538
59480 19.177574372789863 6.707689839911934 7.062675442464543 5.4072090904134384 35.4228241722326
59910 19.335317376258924 6.7574054532442895 7.1217054614186015 5.45620646159598 35.73577290099476
60340 19.48801622595072 6.806027736553552 7.179655365100344 5.502333124297109 35.96749395591456
60770 19.636250158465057 6.859392045003267 7.226731175129376 5.550126938332642 36.179148875662094
61200 19.782662531695777 6.91778998603571 7.269030386670405 5.59584215898985 36.36763353208764
61630 19.925961207476913 6.969772573041997 7.319751376499963 5.636437257935222 36.50269452180673
62060 20.078334171662576 7.028013891178651 7.370479084431811 5.679841196052076 36.52747176717861
62490 20.21189820461262 7.085035842775608 7.40704204752297 5.7198203143141 36.513632840781355
62920 20.34006868747405 7.134619751360143 7.4466327395275504 5.758816196586668 36.65706159037274
63350 20.486565169432847 7.181082202135499 7.503501088975561 5.801981878322031 36.71814537214014
63780 20.622439644056634 7.221881056165629 7.5492783072349985 5.851280280655804 36.73431729752953
64210 20.76013264523898 7.27456245258941 7.588117360942276 5.897452831707455 36.89836422490153
64640 20.909639332984526 7.333532108721816 7.635179723321432 5.940927500941162 37.042163086722674
65070 21.055993254962416 7.377633915327558 7.693924756512132 5.984434583122959 37.179632404412715
65500 21.209139977635648 7.420791896429481 7.758731325326193 6.029616755879719 37.45352681025655
65930 21.356441273896277 7.474400866485393 7.8131559648166595 6.068884442594005 37.714398474485115
66360 21.468071144705867 7.52096555886702 7.849019966241014 6.098085619597871 38.072677626648186
66790 21.587052573449665 7.561971224468407 7.892289819985869 6.13279152899535 38.357067961960496
67220 21.726246076958006 7.611462563954052 7.944282372224955 6.170501140779047 38.633925127808055
67650 21.847277655690974 7.656761789585952 7.9832873049177495 6.207228561187081 38.688649634850925
68080 21.977914392194787 7.708886292764999 8.025954505141126 6.243073594288221 38.68027513307377
68510 22.105742606466233 7.750819970826212 8.07023913178447 6.284683503855805 38.73791993104209
68940 22.221820517189045 7.788454024275823 8.115938355675517 6.317428137237511 38.88468163679379
69370 22.355250476356147 7.83525064349287 8.161275740337485 6.358724092526022 39.09249696807017
69800 22.48375676019226 7.875461694569454 8.215636115001331 6.392658950621322 39.207387738936355
70230 22.614292502083423 7.92304814886454 8.26661970713509 6.4246246460839265 39.27140483488219
70660 22.74188787060399 7.959629601271656 8.323807406192515 6.458450863139806 39.09073697524064
71090 22.85803399216331 8.004242963561724 8.373838534652451 6.4799524939488835 39.05474818597691
71520 22.976481807523218 8.046543261680347 8.428193030055581 6.501745515787284 39.14984286385521
71950 23.065909140549522 8.067062248084468 8.474075244392925 6.524771648072298 39.273593492736715
72380 23.120110753343997 8.079295045850612 8.496832451982087 6.5439832555113515 39.19786167146317
72810 23.192037035110936 8.10569679816159 8.527127933547561 6.559212303401689 39.032175924429254
73240 23.26616664106473 8.12385001867662 8.558449630240709 6.583866992147164 38.68946366924487
73670 23.336298380228456 8.126712158016165 8.604107654305102 6.60547856790705 38.429280689140725
74100 23.392839843468415 8.13052950316307 8.64131350183406 6.6209968384715 37.90366273882852
74530 23.464942188816746 8.149084799555387 8.669331238357977 6.646526150903245 37.55032449723072
74960 23.55041003305721 8.168864510463292 8.712990647739325 6.66855487485463 37.50335394726077
75390 23.6255852625134 8.181544714902522 8.753131168791116 6.6909093788198275 37.234233215802064
75820 23.704913839006778 8.199387542297774 8.788539833315888 6.716986463392951 36.78991296992479
76250 23.772235124059417 8.211752659295625 8.818131452524096 6.742351012240084 36.455861710272266
76680 23.82318035115575 8.223013507304808 8.83300537049242 6.767161473358813 36.180376749396146
77110 23.889889525914576 8.231262366476754 8.866322403954014 6.792304755483674 35.86649904574221
77540 23.98508217561838 8.252335073498907 8.903281437077828 6.829465665041674 35.63858268562415
77970 24.047294608195145 8.262123016415297 8.929140659676396 6.85603093210346 35.477989832098025
78400 24.115457160534117 8.26949421603201 8.954383836743553 6.891579107758418 35.3586962458581
78830 24.155658556869085 8.275339551873838 8.971908770759887 6.9084102342353955 35.29518884983988
79260 24.223379703645595 8.291394147423246 9.004374623013673 6.927610933208654 35.19590763710641
79690 24.323457145988485 8.332067085680135 9.044358223895358 6.947031836412952 35.00590120923608
80120 24.429553034094546 8.369113046539434 9.092783343298057 6.967656644256991 34.90946033147736
80550 24.525962526744117 8.406553077392333 9.126467132154612 6.9929423171971115 34.75092857881751
80980 24.62050480167792 8.449250016772943 9.15619288600574 7.015061898899307 34.50594850623544
81410 24.696684857354523 8.493125745326898 9.17709099593773 7.026468116089925 34.18373116964814
81840 24.784078123602626 8.528949473354887 9.206338049530348 7.048790600717406 33.76204839354102
82270 24.85685165985567 8.57063940912717 9.221017334176134 7.065194916552337 33.341498867188925
82700 24.94706777514892 8.606025006289391 9.251807279651992 7.089235489207396 33.020826236991354
83130 25.052681704713926 8.654231020464477 9.292093234607066 7.1063574496420605 32.67441963056246
83560 25.145290163310584 8.705264090097648 9.319410931600535 7.120615141612333 32.52401560747447
83990 25.23593796809735 8.755098200945893 9.344857280746508 7.135982486405047 32.3376472426214
84420 25.314647587369766 8.80463274466766 9.361247620806214 7.148767221895919 32.20745129420386
84850 25.40667930477731 8.855691022633877 9.372129112677937 7.1788591694653485 31.870543224333197
85280 25.501540247692063 8.89825438053497 9.391360438743423 7.211925428413517 31.192853442068508
85710 25.6064581209011 8.955380191534768 9.426353190314044 7.224724739052562 30.47570645080683
86140 25.74704354389037 9.022805128653014 9.477753708414198 7.246484706823118 29.99358494823845
86570 25.891076122062227 9.092845499088318 9.529643206734182 7.268587416240117 29.60913138479226
87000 26.00084369102525 9.149982265149482 9.565294278450208 7.285567147425594 29.28103876228315
87430 26.150953810238672 9.233036410787514 9.604676168389332 7.313241231062055 29.2317789352414
87860 26.306284919966547 9.316915227325746 9.650607216193745 7.338762476446947 29.240107364272635
